2140.883,987.501,52.410,99.330,220.100,540.612,2.820,76.394,-223.896,-244.666,-21.231,-212.406,-166.037,-630.239,-12.276,-363.670,-77.831,-576.623,-5.175,-221.727,-84.871,-337.574,-3.066,-109.537,-61.417,-99.029,1.445,-61.900,1214.534,67.507,-1.670,0.864,64.039,58.211,-67.853,6.638,-80.620,198.060,-29.169,9.442,-36.694,299.476,-3.504,-23.094,5.306,160.785,-9.527,-25.384,-20.365,37.208,-6.464,-2.104,-30.240,4.015,-2.285,-24.768,648.711,212.885,1.751,-3.919,-170.686,264.697,17.494,-22.499,-87.980,298.313,84.759,-10.000,-49.171,333.479,25.075,-8.951,18.931,331.970,-4.761,23.971,57.481,352.484,-7.368,130.556,247.028,438.775,12.649,148.828,185.834,52.268,38.764,-14.199,-117.881,-21.966,52.392,-40.266,-64.744,-263.915,-24.038,-12.679,-40.780,-480.420,-86.631,-27.102,1.884,-558.040,-26.082,-42.918,5.960,-424.243,-14.836,-60.696,618.139,-127.708,39.402,-33.268,33.094,-49.242,3.048,-34.696,-1.448,-160.291,-39.637,-30.665,-14.291,-163.373,-66.231,-8.137,-13.854,-93.351,-39.893,-9.160,-23.001,-69.451,-16.695,-21.651,-25.733,-63.845,1.093,-35.792,154.073,36.679,129.131,-100.293,-1.510,-102.265,-5.188,-12.104,6.554,-42.594,1.356,-31.376,5.417,-79.003,-9.037,-19.071,-1.448,-52.722,-32.269,-5.496,0.459,-20.054,-19.708,-1.590,64.737,78.509,78.776,1.733,-119.448,114.696,-10.200,12.146,16.745,-482.669,-14.994,-56.302,36.843,5.594,-43.912,13.488,-38.955,49.740,-56.728,0.137,60.379,28.616,-31.863,-14.346,207.283,10.873,38.995,-10.398,89.635,-78.887,6.030,0.496,-107.170,-143.924,-69.120,0.000,
987.501,6021.113,198.062,422.803,-96.807,3812.734,87.840,504.041,-341.830,1855.108,23.392,-50.818,-227.960,504.258,38.044,-512.658,-32.798,-300.702,25.207,-395.487,-110.012,-535.803,-0.684,-216.618,-166.413,-369.730,1.963,-128.080,352.149,646.356,44.040,18.713,97.390,388.924,-20.843,60.124,44.473,92.603,-6.889,36.196,-30.661,54.055,-9.921,-50.097,-38.803,-251.361,-37.939,-85.206,-90.121,-298.475,-20.427,-52.158,-75.418,-152.235,-10.215,-60.035,516.955,115.213,-84.726,12.047,89.549,-102.822,-107.640,0.442,-44.799,-190.172,-75.227,6.786,-158.815,-312.201,-69.714,-36.928,-34.905,-256.468,-35.136,-49.784,-16.657,29.835,-10.274,-83.578,-22.815,66.875,-6.816,-25.926,119.817,45.997,-169.172,21.439,50.238,270.000,-191.238,19.407,-65.424,314.796,-122.338,35.194,-102.649,233.742,-36.604,-32.471,-28.568,188.464,42.952,-32.875,26.911,216.832,-7.726,-113.554,-7.145,-42.856,27.125,-94.127,-133.355,-101.049,-118.450,-12.376,-14.633,256.122,-112.868,-32.267,-44.772,290.243,-19.974,2.596,-30.581,303.720,26.666,5.574,-54.948,270.277,37.009,4.972,64.531,222.745,37.358,70.359,-222.974,60.060,18.717,75.332,-87.625,-469.096,-25.772,-34.817,12.295,-104.445,-19.437,-76.331,0.696,-147.920,-6.821,-45.258,9.657,-79.812,16.452,-12.459,3.491,72.800,39.719,-2.277,-12.625,152.343,16.425,18.163,-147.299,86.156,-4.991,83.271,41.141,-948.266,-41.409,-93.092,79.879,-205.347,-74.225,43.012,38.765,70.396,64.534,-24.134,31.515,350.298,282.796,-22.611,-10.329,108.543,135.379,-15.280,-69.277,112.273,-106.915,-3.971,-100.087,4.778,-30.397,0.000,
52.410,198.062,30.280,11.630,7.102,134.163,14.993,7.623,-9.070,72.889,2.692,-11.773,-12.663,26.731,4.373,-31.637,9.723,-20.796,3.023,-21.727,-0.219,-42.147,-0.630,-12.465,-7.265,-21.506,-0.122,-6.104,14.398,20.994,22.771,-2.183,7.110,29.326,14.029,1.389,7.527,13.799,4.295,0.912,-0.214,3.034,0.965,-5.639,-2.291,-21.911,-0.458,-7.892,-4.129,-23.800,-0.398,-4.153,-4.418,-15.387,-0.029,-3.185,10.495,11.053,-0.004,-0.272,-13.402,15.036,-3.508,0.427,1.638,10.138,-3.457,1.359,-5.654,-0.140,-3.911,-1.742,-0.742,0.346,-0.158,-1.385,0.340,13.268,0.344,-3.272,2.565,18.489,-0.287,0.176,-21.531,7.494,-11.336,-0.408,-6.391,12.870,-15.843,1.329,2.874,5.870,-15.910,3.753,-3.551,-5.936,-4.224,0.593,0.371,-7.600,3.550,-2.117,1.464,6.641,1.685,-9.418,7.122,9.081,6.769,-7.953,-18.870,-23.237,-6.845,-3.441,1.655,-3.150,-10.348,-0.855,0.688,6.543,-5.379,1.370,-0.480,14.144,1.756,1.739,-1.105,17.754,6.778,0.391,0.603,21.685,14.126,1.194,-38.801,13.365,17.749,-6.510,-5.411,-26.660,-1.014,-2.672,1.694,-1.252,-0.088,-2.769,1.276,3.706,4.665,-1.706,1.232,15.790,11.965,-0.252,0.882,25.873,13.640,0.185,2.498,13.585,5.225,1.776,-36.651,-3.690,-13.820,3.507,-9.461,-33.684,3.968,-4.653,0.299,-5.531,9.733,-1.337,2.349,-26.182,18.733,-2.866,3.266,-37.634,13.665,0.772,3.501,-31.974,-6.954,0.397,1.927,-22.395,-19.735,-0.195,-9.230,-22.439,-16.225,0.000,
99.330,422.803,11.630,81.187,-8.065,297.350,-0.531,87.209,-39.607,98.844,-3.925,24.269,-24.474,-88.278,-1.188,-46.554,-22.132,-120.554,-1.688,-51.820,-16.898,-64.621,0.507,-24.052,-15.160,-37.262,1.135,-12.476,41.931,41.480,-7.528,15.105,-11.420,1.100,-11.281,12.997,-9.182,23.126,-5.324,12.403,-2.580,21.986,0.931,-1.129,-2.264,-35.774,-2.445,-12.583,-8.836,-46.377,-1.590,-7.699,-9.339,-28.359,-0.715,-6.244,97.180,-6.850,-13.062,0.636,-11.931,-35.760,-11.418,-3.691,-16.601,-31.921,-4.358,-1.309,-16.557,-30.496,-3.846,-3.677,-3.698,-24.388,-3.421,-3.595,-2.260,-6.412,0.137,-7.320,-1.639,1.643,-0.747,-1.550,72.991,1.255,-10.908,3.483,-5.554,29.995,-2.439,-3.984,-10.970,20.847,-3.228,1.212,-8.924,9.753,-0.626,-2.643,-3.100,5.129,4.028,2.138,-1.453,-2.512,0.413,-1.727,-11.433,-25.745,-0.664,-8.868,19.737,39.984,-1.821,3.627,-3.859,47.918,1.732,-3.099,-3.784,39.880,0.770,0.213,-1.590,32.760,2.522,1.568,-5.257,25.289,0.689,2.283,5.628,11.553,0.449,14.313,-32.098,-1.285,-5.196,14.647,-5.419,-35.619,0.486,0.232,-1.504,-15.104,2.470,-7.406,-0.706,-14.451,-1.480,-4.270,-1.742,-16.600,-4.727,-1.079,-4.105,-22.833,-3.345,-0.131,7.776,-17.948,-0.180,2.689,13.877,-2.305,-4.051,10.913,-26.760,-137.738,-4.946,-13.198,-5.592,-107.556,-10.250,-4.257,-10.321,-74.756,-5.658,-4.478,-8.343,-4.808,18.162,-1.078,-4.550,22.232,28.260,-1.802,-2.105,35.284,18.354,-0.711,22.551,24.573,17.414,0.000,
220.100,-96.807,7.102,-8.065,557.156,324.931,16.148,53.424,108.504,287.370,-1.270,93.007,-112.237,-35.706,0.963,-53.587,-38.861,-46.976,2.117,-55.246,-24.630,17.504,-3.607,-13.415,-3.406,114.180,2.170,-10.011,118.387,-48.348,11.780,-17.022,246.589,1.606,-3.606,4.407,53.830,0.669,-17.891,22.189,-3.257,60.065,-2.398,23.598,7.311,17.902,-7.374,13.213,-18.176,9.811,-0.911,11.069,-20.443,7.543,0.054,-8.631,102.522,19.707,6.681,5.089,68.617,-31.594,-18.387,10.843,-2.163,-47.998,-7.646,3.733,-35.702,-62.702,1.422,-1.348,-3.650,-44.452,-6.161,1.707,5.865,-36.563,-2.537,7.217,31.433,-20.406,-2.654,-1.389,122.620,-100.763,-11.239,8.304,19.417,-40.291,-1.217,16.820,-12.444,-6.726,25.704,11.830,-26.830,-39.215,-2.531,-7.335,5.359,-61.581,-3.074,-8.804,7.096,-93.426,-1.072,10.398,14.544,-83.333,-8.376,-24.720,79.724,136.517,6.293,-5.341,20.480,68.465,17.169,-1.098,0.343,63.807,-1.044,0.946,-11.909,64.707,-7.648,-1.146,-6.265,57.263,-7.081,-5.576,-0.161,33.496,-21.952,10.172,27.243,24.793,-21.246,21.063,40.981,185.991,-2.269,-0.204,9.237,78.715,-0.680,-8.820,-4.689,1.528,-10.243,-10.341,-8.365,-61.311,-30.413,-3.319,-5.569,-82.365,-56.672,0.191,18.020,-50.946,-28.141,4.644,141.307,-10.459,0.456,15.352,-7.869,-128.846,3.920,-1.213,20.509,-42.222,-15.659,44.880,-15.580,20.098,-88.422,34.126,-36.241,47.163,-99.791,11.109,30.128,80.904,-22.591,-1.715,78.802,75.069,61.474,-0.248,87.680,71.781,70.369,0.000,
540.612,3812.734,134.163,297.350,324.931,5264.783,111.874,738.224,-518.799,3733.464,37.650,421.370,-531.315,784.336,25.474,-452.207,-278.589,-712.891,10.537,-526.917,-211.914,-1025.846,-29.142,-308.078,-260.064,-644.065,-11.851,-172.835,-46.073,516.085,103.187,-32.681,-68.893,314.115,36.124,17.379,-43.571,143.129,-1.201,49.029,-113.764,68.070,-36.665,-3.010,-91.983,-341.374,-69.929,-102.905,-129.677,-486.302,-40.875,-90.936,-128.955,-308.513,-20.200,-82.476,733.719,346.381,-5.947,65.394,-63.619,-100.577,-87.607,9.050,-175.835,-305.189,-104.220,-13.833,-200.492,-403.728,-80.165,-40.933,-59.137,-271.986,-21.030,-43.221,-20.442,-74.118,0.522,-72.919,-96.335,-65.243,-9.147,-55.396,472.085,91.413,-168.775,58.361,41.552,467.684,-135.613,38.087,-135.984,441.117,-43.285,8.117,-124.414,280.023,47.722,-60.378,-30.992,252.748,80.698,-44.621,62.497,258.023,15.895,-49.012,-176.005,-59.512,17.655,35.965,19.331,10.177,-93.327,-14.636,-47.103,337.112,-86.372,-28.554,-48.751,365.715,15.033,-7.289,-43.198,283.607,31.867,-7.462,-56.298,194.407,45.725,-21.361,20.114,214.591,73.125,40.265,-296.885,138.228,77.076,153.071,-26.978,-244.340,-28.265,-24.485,7.685,-59.981,-12.571,-78.092,2.220,-111.964,-0.765,-51.829,-5.539,-51.571,20.777,-13.253,-22.140,50.078,50.109,-2.527,-57.610,64.520,60.023,14.876,-149.990,83.561,52.940,76.353,-97.029,-922.388,10.130,-105.507,54.940,-211.219,-7.886,6.715,41.158,-68.446,15.464,-65.816,11.703,-112.639,220.043,-18.950,8.302,-163.855,107.447,-16.566,11.350,6.383,-47.692,1.405,-13.629,-13.372,40.311,0.000,
2.820,87.840,14.993,-0.531,16.148,111.874,32.448,5.907,2.079,88.129,17.219,-4.219,-10.069,25.356,6.405,-31.534,0.939,-12.025,5.271,-20.039,0.333,-28.971,-0.146,-9.347,-8.759,-21.369,-0.468,-7.619,0.464,32.523,26.984,-4.049,3.244,28.666,25.158,-1.328,-5.156,7.057,3.767,-1.075,-8.293,-11.140,-2.109,-4.902,-5.362,-22.579,-2.223,-4.710,-4.726,-20.984,-1.139,-2.391,-5.602,-17.076,-0.622,-3.528,28.143,26.090,8.476,6.180,-10.721,-4.651,-3.043,2.274,-12.405,-11.685,-6.406,-1.601,-9.040,-10.785,-2.451,-2.210,-1.215,2.945,1.779,-2.013,-0.322,9.528,1.023,-2.607,-3.251,6.055,-0.122,-0.345,14.778,16.327,-5.730,4.245,-4.084,28.247,-8.287,4.539,-1.484,20.656,-3.555,0.184,-3.050,3.836,9.927,-3.805,0.557,9.890,7.752,-5.108,-0.896,23.445,1.524,-4.501,4.540,27.373,3.985,9.235,-10.482,-0.880,-1.795,-3.065,2.490,14.478,-6.378,0.598,1.386,12.292,-0.168,0.795,-0.594,3.764,3.729,-0.435,-2.027,-4.561,4.021,-2.679,-10.467,8.477,8.257,-5.305,-5.784,13.971,20.262,-2.342,-3.648,-12.830,-1.072,-2.990,0.818,0.437,-0.282,-2.444,0.744,1.512,3.469,-1.633,0.017,10.005,7.340,-0.159,-1.062,16.974,5.858,0.131,-1.083,10.530,4.065,-0.373,-22.594,2.859,2.697,-2.088,-12.796,-19.450,7.369,-6.615,-3.492,-29.933,12.671,-4.532,4.581,-54.622,6.551,-1.508,4.481,-37.111,4.482,0.543,2.562,-17.957,0.943,0.186,8.809,-15.287,-7.347,-0.392,-13.030,-21.528,-9.770,0.000,
76.394,504.041,7.623,87.209,53.424,738.224,5.907,266.215,-106.677,461.797,0.332,230.786,-121.319,-177.675,-0.970,-70.893,-87.723,-383.664,-5.808,-131.471,-60.385,-278.644,-5.414,-67.478,-52.049,-160.243,-1.739,-33.376,53.023,98.077,7.239,14.884,-76.111,11.084,-12.160,14.564,-47.257,55.378,-9.398,35.696,-21.826,59.167,-2.126,26.322,-10.743,-66.259,-9.941,-15.287,-23.198,-107.778,-7.085,-20.067,-24.079,-70.092,-3.785,-15.684,220.159,58.674,4.882,22.302,-56.764,-33.764,-16.627,-6.351,-65.391,-61.820,-15.503,-7.821,-44.851,-54.215,-9.479,-8.398,-11.056,-23.815,-9.729,-4.641,-4.588,3.106,0.021,-14.602,-18.266,-10.579,-1.181,-9.277,194.206,4.890,-21.855,18.027,-14.643,105.723,0.833,-3.116,-34.858,76.773,18.189,-4.032,-24.514,57.087,9.788,-17.146,-8.957,62.266,3.409,-12.565,-15.568,70.892,1.733,-14.320,-28.043,33.081,0.141,36.053,35.437,66.129,-7.709,10.422,-18.150,111.996,4.857,-5.510,-11.012,82.530,4.922,-1.822,-7.127,56.268,-1.495,-5.167,-16.896,24.294,1.920,-8.500,-48.219,24.373,14.517,1.873,-28.910,39.380,35.293,37.399,-23.174,-50.028,-4.406,-3.064,-6.430,-35.492,-3.537,-15.749,-1.394,-29.088,-5.370,-10.064,-4.783,-11.774,-0.490,-2.311,-23.564,0.699,20.930,-0.762,-54.862,13.158,52.081,1.867,-65.078,59.803,75.011,13.703,-56.495,-287.198,-6.463,-25.666,-0.928,-195.069,-5.441,-13.286,22.900,-114.255,11.774,-15.429,7.295,-9.517,83.342,-3.122,-37.273,-14.309,84.682,-3.652,-46.753,-7.582,36.947,-1.438,-44.763,-18.176,29.643,0.000,
-223.896,-341.830,-9.070,-39.607,108.504,-518.799,2.079,-106.677,378.677,-311.721,4.471,-4.931,151.793,36.906,-4.383,139.445,2.801,166.769,-9.842,63.654,-9.468,186.874,-6.195,19.315,-3.990,138.789,-2.339,-4.652,-86.975,-11.884,-3.148,0.898,117.820,27.506,24.983,-1.626,86.833,-10.627,7.022,6.672,29.792,-7.805,-5.601,29.791,15.881,81.070,-2.998,38.226,11.566,75.196,-3.935,16.495,-10.595,16.035,-4.820,-7.151,-119.991,-67.548,-3.703,-2.989,117.690,-30.176,2.340,10.531,44.094,-34.227,-21.405,5.998,-27.370,-57.392,-24.268,0.570,-7.944,-73.920,-3.756,-1.345,-4.964,-110.443,1.640,-12.391,-36.939,-124.984,-2.904,-31.522,-36.063,-53.037,6.027,-7.960,82.618,-68.300,-17.552,11.662,20.725,9.483,-27.976,12.520,-15.072,62.021,2.373,-6.892,1.384,89.298,1.778,3.722,-9.025,47.836,0.473,31.381,-139.334,-3.691,-10.062,0.984,7.023,-14.775,4.031,-5.779,26.972,27.031,14.442,7.335,13.865,81.236,27.966,5.222,3.442,83.233,20.363,-1.834,5.495,61.588,-2.729,-2.557,14.628,38.374,-32.018,15.118,15.638,13.685,-64.595,60.160,16.231,74.698,2.382,0.942,-6.715,61.955,10.159,-11.670,-2.233,32.676,6.455,-9.596,-4.428,-20.600,-18.675,-2.140,-0.769,-46.737,-61.353,0.258,16.428,-53.082,-59.338,0.189,179.141,-59.205,-1.676,10.122,0.316,104.225,-5.986,8.724,1.924,59.733,-8.140,18.428,-28.828,39.212,-61.142,10.032,-21.750,57.985,-100.513,4.120,-19.667,140.858,-42.170,7.549,11.601,133.868,54.109,-1.537,83.479,100.875,98.326,0.000,
-244.666,1855.108,72.889,98.844,287.370,3733.464,88.129,461.797,-311.721,4614.674,74.405,529.415,-642.983,2278.181,36.713,-144.820,-411.374,56.988,11.522,-476.313,-232.943,-882.593,-34.314,-373.958,-345.484,-895.451,-18.506,-244.830,-27.240,597.748,132.331,13.625,-155.817,230.316,82.129,-6.541,-186.628,-42.588,-11.144,-11.593,-200.608,-138.443,-68.520,-21.751,-145.268,-343.893,-91.349,-100.006,-131.226,-449.586,-54.623,-107.480,-167.508,-434.567,-30.280,-117.704,964.896,483.907,69.622,83.151,-21.950,-95.322,-73.206,10.801,-352.980,-297.355,-117.050,-39.529,-284.878,-295.792,-52.174,-58.767,-77.141,24.484,17.724,-49.492,-26.677,186.099,3.818,-39.365,-127.562,-35.507,-14.401,-21.017,836.427,359.737,-54.181,87.694,37.179,544.126,19.631,18.454,-201.303,562.159,131.510,-46.784,-166.034,429.655,185.610,-120.147,-65.255,480.908,120.184,-140.434,87.169,568.718,21.380,-39.879,45.193,321.400,12.446,197.764,199.442,351.646,1.883,3.980,-62.740,489.728,66.213,-32.486,-56.125,405.415,95.247,-31.525,-49.825,152.349,52.143,-35.889,-82.342,-34.093,45.020,-89.772,37.436,17.300,94.863,-125.920,145.603,-26.708,138.020,44.110,-103.827,-330.919,-14.840,-75.721,-35.790,-127.303,-14.359,-120.869,-5.334,-153.448,-5.365,-78.776,-6.736,-81.787,36.031,-18.826,-48.923,55.943,86.323,-3.487,-20.986,59.672,99.104,-7.767,-172.502,82.584,118.966,-13.716,-319.739,-1160.050,5.890,-180.760,-31.692,-521.825,19.587,-87.936,69.038,-315.418,64.626,-141.108,57.177,-503.398,253.749,-58.699,-50.616,-441.681,127.678,-26.283,80.890,-204.870,19.117,-3.898,-58.861,-157.228,-21.822,0.000,
-21.231,23.392,2.692,-3.925,-1.270,37.650,17.219,0.332,4.471,74.405,35.553,-2.959,-4.719,32.683,18.490,-24.370,-8.526,-15.631,3.645,-20.359,-3.620,-31.798,-0.932,-9.780,-11.399,-30.528,-0.732,-7.893,-7.074,20.314,7.666,-0.273,-14.286,7.000,15.853,-2.447,-3.732,9.454,10.259,-1.992,-4.997,-4.336,2.353,-2.246,-5.203,-13.157,-1.562,-3.444,-5.214,-15.877,-1.962,-2.527,-5.195,-15.598,-1.038,-3.294,37.658,32.683,9.199,7.175,-15.631,-9.682,1.354,-0.452,-14.846,-15.477,-0.852,-2.870,-9.929,-11.046,6.515,-2.627,-1.681,11.962,5.256,1.005,-0.599,10.972,1.365,4.574,-3.334,-1.235,-0.213,1.600,43.208,9.388,2.286,7.017,-2.276,18.795,9.166,3.344,-5.181,10.947,16.005,-1.188,-5.108,4.170,19.557,-4.004,-2.005,3.562,9.462,-3.534,5.669,14.166,1.780,3.639,7.312,12.488,-1.281,15.826,9.304,9.595,3.895,-1.412,4.497,20.212,7.160,2.445,-0.967,3.024,9.831,0.113,-2.168,-11.706,3.633,-0.143,-3.596,-21.294,-0.050,-2.733,-1.433,-15.064,0.710,-7.382,12.463,-3.979,11.865,1.253,-1.458,-14.485,-0.297,-3.735,0.990,-2.082,0.220,-3.462,0.872,-4.056,-0.008,-1.947,-0.342,-5.595,-1.365,-0.312,-0.377,-2.245,-1.217,0.057,4.804,6.546,6.825,-0.539,-18.723,8.968,10.893,-2.792,-18.665,-69.349,0.170,-9.065,-7.587,-74.928,-2.783,-10.224,-5.371,-74.623,2.292,-3.567,2.423,-45.447,15.506,-1.394,11.145,-27.929,21.277,-1.030,9.529,-15.544,7.015,-0.500,-14.060,-21.638,-9.452,0.000,
-212.406,-50.818,-11.773,24.269,93.007,421.370,-4.219,230.786,-4.931,529.415,-2.959,537.867,-142.832,-122.492,3.728,226.260,-160.779,-518.200,-7.069,-122.353,-122.739,-486.653,-11.685,-111.496,-124.161,-400.772,-5.938,-75.937,20.997,154.937,29.898,30.128,-102.805,-19.321,-2.999,11.584,-112.503,4.376,-9.663,45.535,-34.080,57.169,-7.839,73.513,-13.099,-31.094,-14.205,17.183,-29.600,-141.889,-12.968,-24.074,-50.931,-172.496,-9.577,-32.880,319.037,80.239,36.323,38.474,-37.530,-30.520,-10.662,3.239,-132.095,-61.216,-24.551,-19.166,-100.393,-46.130,-13.151,-18.117,-23.034,15.859,-6.668,-10.265,-10.052,29.124,0.625,-7.785,-46.433,-37.462,-3.167,-4.571,321.680,13.575,6.367,41.879,12.046,128.353,51.066,5.636,-67.541,136.737,76.736,-19.878,-50.968,158.246,40.708,-43.605,-21.860,191.369,3.150,-40.750,-33.742,201.818,-0.511,3.832,-32.338,164.059,-3.099,123.963,97.957,150.001,29.209,28.052,-16.402,160.693,67.289,-1.957,-18.699,108.939,49.489,-9.418,-14.834,37.272,1.764,-17.282,-38.042,-18.808,-3.015,-30.635,-100.931,-22.973,14.052,-21.094,89.081,43.320,52.505,65.369,-35.327,-24.124,3.507,-15.094,-22.367,-41.896,5.254,-30.095,-7.249,-47.461,-3.689,-21.195,-12.968,-33.619,-6.839,-5.015,-52.268,-24.469,18.557,-1.436,-98.060,4.182,84.816,-1.660,-64.680,91.645,173.872,2.612,-144.071,-481.630,1.077,-47.592,11.396,-348.803,-5.704,-28.499,31.002,-210.231,0.546,-26.416,-2.609,-95.392,78.099,-0.442,-88.851,-53.174,152.179,3.080,-64.538,-50.050,138.273,-2.895,-106.032,-33.746,73.507,0.000,
-166.037,-227.960,-12.663,-24.474,-112.237,-531.315,-10.069,-121.319,151.793,-642.983,-4.719,-142.832,490.772,-237.033,-1.915,54.892,169.164,-82.182,-7.123,88.432,-11.318,35.893,-5.160,21.050,-32.740,25.841,-1.755,-16.709,-26.623,-43.616,-34.311,9.138,66.844,-22.868,7.319,-10.050,57.125,-7.468,30.380,-13.019,72.636,-54.740,5.124,7.595,57.164,65.751,-3.091,34.869,26.397,77.951,-1.225,15.845,-8.663,6.395,-2.575,-6.477,-172.630,-104.860,-26.098,-4.938,89.961,45.845,17.175,14.420,57.843,76.345,16.773,17.009,14.257,22.013,-2.593,9.663,1.451,-5.752,0.909,2.131,-0.147,-52.917,2.052,-4.163,-15.124,-76.832,-0.760,-13.646,-178.145,-76.936,-8.385,-27.905,19.419,-19.085,-23.399,19.305,37.555,37.382,-45.312,20.052,26.062,21.420,-11.715,24.803,10.680,-20.903,-7.002,27.741,-11.236,-63.345,3.844,27.972,-84.725,-55.373,-2.216,-25.184,-52.168,-194.585,-9.837,-31.334,6.845,-119.621,-15.442,-3.012,29.790,-67.432,-0.744,6.349,27.293,-25.870,9.985,10.757,32.686,12.623,0.888,20.833,-14.161,18.460,-9.550,30.643,-66.981,18.052,-37.407,31.513,18.670,2.344,0.594,-6.221,1.088,15.068,12.429,-4.946,4.043,27.560,14.385,-0.567,12.260,19.687,7.403,-0.967,27.478,-10.449,-18.726,0.068,-37.831,-40.366,-39.756,3.843,83.839,-53.311,-15.417,18.132,84.407,412.640,-3.762,1.682,25.456,291.483,9.972,-6.762,-16.128,164.371,6.219,3.980,17.527,89.929,-52.078,-2.929,14.096,122.768,-84.087,-1.163,-36.205,114.208,-17.584,-0.247,54.249,87.918,51.459,0.000,
-630.239,504.258,26.731,-88.278,-35.706,784.336,25.356,-177.675,36.906,2278.181,32.683,-122.492,-237.033,3601.228,31.128,189.556,-138.975,2408.203,13.942,161.542,-70.397,447.717,-9.769,-123.739,-245.578,-328.325,-12.147,-202.494,-162.908,213.172,64.128,-39.031,219.017,250.772,76.092,-9.531,-68.367,-149.519,-11.639,-77.536,-211.875,-257.517,-53.967,-91.631,-125.161,-47.006,-56.681,-18.647,-43.817,-40.492,-33.731,-36.511,-141.025,-319.361,-27.667,-112.992,231.322,184.278,27.881,-26.619,331.886,38.108,-17.781,18.025,-130.928,-75.172,-70.806,-13.572,-229.681,-161.125,-34.403,-38.664,-66.408,-19.200,6.411,-29.592,-40.056,73.914,-10.114,-31.294,-160.094,-176.225,-14.758,-51.383,336.742,569.019,42.686,7.119,132.564,350.825,30.753,10.542,-80.400,535.717,102.925,-26.136,-126.500,539.622,101.756,-87.233,-55.131,535.375,68.025,-101.003,49.436,571.356,3.592,24.306,7.144,336.703,-11.917,91.342,114.408,499.042,26.444,-30.839,-14.233,326.933,86.989,-37.678,-29.783,280.075,63.519,-21.483,-27.900,113.025,27.372,-30.203,-69.531,-13.136,3.258,-72.908,127.050,-4.092,-1.228,-109.142,338.081,-82.553,-0.194,10.994,-81.269,-118.244,-7.481,-72.028,-37.967,-46.886,-16.342,-80.339,-3.983,-86.158,-8.683,-52.314,-2.539,-43.794,5.489,-12.872,-48.528,73.878,-23.631,-2.831,109.589,81.856,-55.872,-18.039,171.206,-13.039,-20.372,-32.189,-44.642,69.333,-18.286,-80.539,-24.144,258.278,2.197,-22.336,20.747,209.203,-6.667,-61.767,78.969,39.358,42.589,-30.206,-57.811,92.914,-30.675,-16.022,40.033,87.344,-36.300,-4.800,74.467,44.694,-34.506,0.000,
-12.276,38.044,4.373,-1.188,0.963,25.474,6.405,-0.970,-4.383,36.713,18.490,3.728,-1.915,31.128,27.483,0.689,-3.065,-17.517,10.356,-3.235,-8.074,-37.647,-0.808,-8.220,-10.788,-32.980,-0.347,-6.859,-2.517,-1.527,7.137,0.288,-0.503,2.744,4.581,-0.865,-2.000,-3.264,5.078,-0.608,-3.839,-8.906,4.412,-0.800,-3.387,-12.948,2.068,-0.595,-4.843,-13.049,-0.557,-0.579,-4.663,-15.668,-0.469,-2.935,37.497,8.437,6.273,-2.870,-1.626,-15.338,0.691,-2.973,-5.183,-23.712,-0.722,-1.853,-9.249,-21.622,5.921,-2.418,-2.186,-1.408,6.473,-0.713,-1.158,6.635,1.702,3.719,-3.584,-2.735,-0.393,3.522,55.154,-10.460,4.870,0.068,4.935,1.897,13.983,-1.393,0.464,9.450,12.563,-0.568,-3.800,8.507,15.588,-3.847,-1.503,2.649,10.547,-2.008,1.617,7.509,2.669,3.630,0.179,3.349,-0.110,15.925,30.602,24.034,12.764,-0.988,4.801,15.064,14.802,0.165,-1.065,0.917,12.748,-0.350,-1.242,-4.969,3.209,-0.886,-3.509,-12.640,-0.485,-1.668,-1.311,-11.388,-0.777,-3.137,13.820,-2.910,5.012,2.307,7.555,8.396,3.149,-2.198,1.787,4.192,3.905,-2.769,-0.006,-7.484,1.312,-1.885,-0.878,-14.039,-4.036,-0.444,-0.359,-15.091,-4.689,-0.161,4.045,-0.563,5.394,-0.584,-5.352,5.699,12.043,-2.755,-10.086,-61.992,-2.811,-5.091,-9.568,-79.594,-6.885,-6.581,-9.730,-88.893,-0.647,-5.498,1.275,-64.582,9.986,-3.876,15.306,-27.010,24.295,-1.365,20.466,-13.279,15.474,0.065,-7.757,-12.097,-6.238,0.000,
-363.670,-512.658,-31.637,-46.554,-53.587,-452.207,-31.534,-70.893,139.445,-144.820,-24.370,226.260,54.892,189.556,0.689,589.646,-56.525,59.927,-4.906,244.706,-87.655,-198.988,-7.892,-32.863,-123.901,-339.467,-5.158,-85.126,-106.072,136.104,-15.758,36.271,13.749,-14.401,-11.803,5.748,-88.532,-67.386,-12.368,7.386,-32.329,-13.549,-15.550,72.169,8.792,126.671,-6.212,97.723,11.328,31.156,-7.375,13.576,-46.593,-133.659,-10.190,-36.734,77.642,35.905,10.209,25.762,168.283,9.840,6.435,19.933,-90.161,-19.896,-31.403,-12.530,-92.530,-53.324,-32.309,-12.422,-24.176,-36.406,-9.208,-12.560,-13.340,-67.405,-3.095,-9.097,-69.329,-153.271,-4.956,-26.757,143.002,5.350,42.460,17.186,129.825,40.794,45.895,18.862,-52.201,131.431,45.340,-20.044,-45.031,195.524,32.089,-39.178,-17.402,260.273,-6.506,-32.183,-22.399,247.542,-5.300,46.296,-118.258,143.299,-17.479,121.225,86.853,75.692,37.798,15.918,24.710,96.492,65.240,-0.442,-9.108,97.816,70.506,-10.447,-9.242,38.283,17.861,-18.575,-40.071,4.105,-4.853,-28.636,-59.211,-0.798,-19.754,-11.146,185.738,42.887,-28.950,85.939,-2.484,37.853,8.546,-15.240,-17.066,50.564,20.814,-23.848,-5.185,7.538,8.239,-18.959,-18.586,-26.218,-18.423,-4.693,-63.398,-65.900,-34.726,-1.301,-47.618,-29.198,14.023,-6.807,122.904,30.326,116.555,-13.419,-76.830,-230.091,-2.660,-25.410,31.041,-205.933,-18.919,-7.770,20.529,-65.877,-36.914,-6.551,-32.999,-3.661,-60.137,2.206,-109.982,90.615,55.687,6.524,-32.418,48.795,169.159,-1.827,-4.603,52.265,96.824,0.000,
-77.831,-32.798,9.723,-22.132,-38.861,-278.589,0.939,-87.723,2.801,-411.374,-8.526,-160.779,169.164,-138.975,-3.065,-56.525,321.961,80.643,10.817,58.852,132.250,107.544,7.122,55.250,22.828,136.613,6.214,48.356,14.598,-31.579,-6.465,-5.799,64.758,-18.090,-2.735,2.922,65.939,-23.664,5.517,-8.229,48.631,-6.482,10.092,-11.584,53.184,21.159,16.530,-2.663,36.497,25.671,13.014,8.709,19.117,86.753,9.656,29.278,-120.096,-73.789,-15.349,-11.497,23.124,-28.226,-1.154,0.233,68.126,9.850,-2.351,7.123,43.973,8.798,-6.498,14.559,8.834,-32.324,-6.781,11.756,-0.885,-75.411,-1.986,-5.791,-19.879,-47.670,0.989,-20.762,-109.308,-54.662,-10.550,-19.238,-7.409,-78.949,-26.231,2.345,19.799,-40.741,-29.211,15.032,20.138,-14.060,-21.740,37.984,14.030,-32.727,-9.463,49.202,-1.820,-50.907,-3.595,16.457,-95.167,-48.579,-9.115,-38.283,-14.106,-72.793,-11.436,-5.181,6.121,-64.536,-8.345,1.019,6.565,-30.135,-10.583,5.715,2.834,11.947,-1.964,13.653,17.243,51.061,2.802,27.660,25.225,40.279,-9.709,36.304,-49.838,-49.969,-49.874,-7.978,30.306,43.633,1.203,14.042,18.646,43.139,2.996,15.789,1.738,42.979,7.003,5.051,-0.135,44.929,8.890,-0.486,16.179,36.536,-0.960,1.746,14.692,12.403,-31.663,6.138,37.324,-12.105,-41.535,11.051,134.586,440.714,4.501,41.538,12.089,305.653,16.479,33.139,2.307,204.383,26.702,23.099,-17.343,119.887,-26.465,2.464,-20.077,72.665,-54.533,-2.443,-2.389,48.212,-44.270,-0.466,38.910,54.225,-18.549,0.000,
-576.623,-300.702,-20.796,-120.554,-46.976,-712.891,-12.025,-383.664,166.769,56.988,-15.631,-518.200,-82.182,2408.203,-17.517,59.927,80.643,3851.445,31.347,569.697,308.278,2355.141,48.693,356.915,83.567,946.444,11.679,35.313,-620.498,-242.063,-59.480,-75.766,320.695,213.956,31.324,6.262,212.152,-6.774,-4.324,-69.254,-97.636,-60.465,-8.800,-101.648,-75.060,374.784,27.550,31.733,65.605,549.088,31.376,59.831,-9.515,242.382,1.206,2.976,-733.929,-113.955,-19.227,-99.259,391.508,63.619,22.766,10.834,267.672,-31.905,-39.374,11.623,-5.655,-211.763,-44.745,10.861,-23.401,-389.008,-30.996,-8.737,-28.975,-398.037,-12.742,-95.057,-134.377,-386.795,-6.022,-154.116,-424.887,433.642,12.562,-74.937,149.613,45.447,-109.111,17.363,43.342,337.132,-80.076,25.489,-53.424,435.880,-56.986,32.300,-20.938,428.636,-28.033,54.767,23.941,308.323,-4.772,56.271,-369.254,47.953,-24.372,-142.476,-235.349,278.384,-63.141,-23.509,-14.085,118.232,-39.573,-19.618,-49.654,223.328,-52.256,-2.518,-45.868,235.750,-32.964,11.557,-42.670,258.731,-28.143,24.648,225.214,252.738,-68.665,40.734,13.237,63.787,-165.989,81.308,-20.361,133.932,-21.493,14.373,-6.234,92.032,-26.429,14.305,-13.805,51.500,-19.428,-4.773,-17.874,68.159,-16.611,-5.348,-28.568,156.686,-80.015,0.525,199.817,103.777,-161.445,-4.160,350.743,-57.488,-185.750,2.112,367.768,1559.432,27.077,126.486,78.790,1425.697,38.668,145.501,4.641,1309.269,-42.321,79.823,-10.281,1036.620,-143.279,13.353,-137.429,745.309,-217.210,-13.637,-83.827,390.150,-151.738,-7.228,156.990,273.620,-17.904,0.000,
-5.175,25.207,3.023,-1.688,2.117,10.537,5.271,-5.808,-9.842,11.522,3.645,-7.069,-7.123,13.942,10.356,-4.906,10.817,31.347,16.527,5.501,13.087,14.054,7.609,5.080,2.855,-10.000,1.667,-2.367,6.016,-0.642,5.523,0.888,1.098,-0.343,0.007,0.780,-4.431,-5.240,-0.524,-1.082,-2.432,1.503,5.093,-2.324,-0.201,4.171,11.435,-1.363,0.810,2.212,7.575,-0.718,-1.499,-5.161,1.386,-1.987,18.291,-2.509,5.275,-1.981,-2.841,-17.162,-2.227,-0.913,-3.345,-27.082,-3.057,-1.218,-5.314,-31.572,1.854,-1.207,-1.345,-25.811,2.392,-2.832,-0.883,-16.846,0.238,-5.087,-4.610,-13.713,-0.310,-5.338,37.900,-24.101,-0.916,0.530,8.981,-14.147,1.775,0.954,-0.961,0.498,4.654,0.281,-2.829,8.034,7.509,-0.836,-0.849,11.979,2.984,-0.589,-4.051,7.909,0.029,-1.192,-20.105,1.440,-0.817,0.463,31.380,2.926,5.423,2.101,1.408,16.434,11.897,1.083,-1.528,20.325,10.438,0.232,-0.959,21.022,4.322,0.329,-1.319,17.908,0.411,2.042,-1.781,11.445,-1.966,4.991,-3.175,2.950,-4.928,5.152,7.693,16.630,2.545,0.259,0.713,7.270,4.124,-2.082,-0.399,-2.062,1.043,-1.352,-0.491,-6.741,-1.803,-0.338,-0.759,-7.134,-2.029,-0.016,3.328,0.756,-2.239,0.307,8.623,3.413,0.718,-0.743,-6.183,-14.382,0.219,-2.168,-0.930,-38.919,-2.000,-3.059,4.235,-38.335,-0.779,-4.334,-1.731,-21.546,0.191,-2.427,3.510,-15.405,7.125,-0.638,15.068,-4.954,1.522,0.718,4.097,5.790,-3.499,0.000,
-221.727,-395.487,-21.727,-51.820,-55.246,-526.917,-20.039,-131.471,63.654,-476.313,-20.359,-122.353,88.432,161.542,-3.235,244.706,58.852,569.697,5.501,383.168,40.226,376.852,8.470,138.946,-6.353,101.217,2.245,1.676,-219.728,-60.368,-34.116,-5.800,114.719,25.837,-8.163,1.500,36.375,-20.306,-2.436,-11.201,-13.524,-20.804,-3.519,12.252,6.194,186.650,12.528,86.072,42.020,237.006,13.062,51.599,1.355,87.846,0.215,6.706,-254.158,-59.667,-14.507,-14.481,173.806,38.859,16.615,13.418,65.129,6.869,-20.749,8.311,8.409,-91.760,-27.724,8.222,-5.473,-166.316,-18.269,-2.650,-7.872,-187.812,-5.007,-34.392,-46.707,-170.446,-2.198,-57.457,-177.769,-29.592,2.245,-13.866,87.600,-31.337,-32.838,24.421,4.177,77.319,-47.417,9.489,-3.827,118.474,-33.010,16.237,1.886,132.392,-19.117,20.340,-13.332,82.659,0.225,31.025,-197.794,-3.714,-6.782,-28.297,-64.986,-51.587,-17.268,-1.977,11.148,-8.651,-21.198,4.964,-9.175,57.536,-7.575,1.958,-8.929,82.279,-1.670,3.422,-12.833,110.440,-0.059,14.649,10.964,111.595,-20.916,36.863,-1.545,82.301,-68.526,59.750,24.279,112.307,-3.964,5.456,4.444,93.397,3.085,15.032,-2.907,68.950,4.114,4.256,-11.637,45.923,0.198,-0.927,-28.370,22.391,-28.983,0.033,-0.706,5.840,-52.790,-2.024,150.728,-18.220,-15.449,2.855,134.578,461.093,10.192,42.436,41.938,343.769,19.885,40.714,12.059,321.610,-2.853,42.071,-39.757,280.877,-107.109,13.531,-75.643,240.657,-103.624,1.980,-25.242,137.223,6.143,-0.449,53.684,117.843,49.980,0.000,
-84.871,-110.012,-0.219,-16.898,-24.630,-211.914,0.333,-60.385,-9.468,-232.943,-3.620,-122.739,-11.318,-70.397,-8.074,-87.655,132.250,308.278,13.087,40.226,183.290,323.508,17.295,86.990,117.042,216.242,7.575,80.093,-121.580,-106.902,-13.950,-8.764,-2.043,-29.663,-9.865,4.436,75.586,-2.453,-3.620,-4.454,37.896,29.896,11.603,-11.723,24.600,61.928,25.375,-4.697,44.386,83.459,18.720,13.216,62.869,130.657,13.476,41.298,-229.842,-87.456,-14.610,-16.134,-11.413,-62.544,-4.838,-5.268,94.446,-50.937,-3.694,6.178,82.734,-29.635,6.079,15.119,16.747,-74.694,1.215,7.780,1.562,-99.248,-0.682,-13.453,-7.157,-34.932,2.682,-21.885,-149.517,-74.089,-14.625,-18.163,7.525,-116.651,-30.207,3.296,28.288,-98.598,-26.598,15.258,28.062,-48.420,-16.110,46.509,9.256,-36.411,-9.415,45.715,0.821,-62.614,-3.933,4.902,-109.871,-69.762,-4.943,-59.217,-31.889,-67.545,-15.707,7.456,3.348,-31.779,-12.359,10.042,-6.214,11.122,-12.050,9.280,-6.040,53.259,-3.687,19.186,15.942,98.581,1.504,32.952,53.564,78.020,-5.116,38.504,-117.087,-5.452,-36.115,-10.683,32.293,81.018,2.422,23.056,15.866,40.806,1.255,24.554,-1.496,47.802,1.670,12.308,-1.298,56.690,9.309,2.473,19.691,61.274,11.875,2.442,49.805,21.429,-20.840,7.204,-8.422,-22.220,-65.099,8.516,91.736,306.893,8.622,57.025,9.865,189.775,13.566,35.861,10.790,158.846,17.608,20.060,-12.649,128.096,-7.748,2.676,-18.048,64.759,-41.516,-0.476,-8.559,19.346,-63.090,0.501,21.106,17.871,-30.292,0.000,
-337.574,-535.803,-42.147,-64.621,17.504,-1025.846,-28.971,-278.644,186.874,-882.593,-31.798,-486.653,35.893,447.717,-37.647,-198.988,107.544,2355.141,14.054,376.852,323.508,2739.009,53.924,494.132,385.009,1918.204,25.819,262.476,-761.591,-539.054,-102.456,-65.969,148.310,49.069,8.206,12.650,375.318,153.731,35.488,-19.378,81.150,60.565,25.060,-59.010,-20.099,311.724,47.707,12.832,54.082,677.302,47.817,85.256,105.701,653.068,22.606,92.340,-1164.254,-279.320,-35.752,-101.003,141.839,54.346,57.367,-8.628,457.335,19.656,20.618,43.773,207.987,-84.352,-9.913,47.316,24.008,-356.777,-31.939,20.651,-9.916,-457.224,-6.002,-74.821,-60.692,-325.313,1.231,-140.570,-707.333,155.690,-14.675,-86.165,46.749,-215.726,-127.477,-12.046,135.449,-19.318,-132.879,49.516,54.241,134.107,-93.135,95.973,27.060,160.716,-61.043,134.709,64.305,-45.495,-5.184,41.911,-403.977,-183.796,-18.649,-250.874,-311.235,50.740,-76.275,6.822,-8.838,-46.436,-95.812,10.581,-20.181,69.825,-96.316,10.432,-21.842,141.909,-50.047,26.408,35.356,236.029,-28.162,69.949,313.850,215.664,-68.384,84.130,-206.984,-1.658,-209.676,27.560,51.917,303.421,-14.783,73.008,21.676,120.313,-33.275,87.141,-9.953,109.409,-24.212,43.367,-2.902,98.897,-14.883,8.700,48.134,131.880,-46.651,2.247,213.288,6.618,-155.529,1.514,293.039,-164.527,-254.284,2.648,408.647,1738.403,22.803,196.092,50.923,1441.878,51.293,182.603,-27.184,1381.960,-7.962,143.094,-87.562,1091.098,-164.283,41.281,-96.691,605.798,-235.346,2.857,-50.105,289.483,-166.323,-0.255,188.603,255.564,-22.915,0.000,
-3.066,-0.684,-0.630,0.507,-3.607,-29.142,-0.146,-5.414,-6.195,-34.314,-0.932,-11.685,-5.160,-9.769,-0.808,-7.892,7.122,48.693,7.609,8.470,17.295,53.924,10.843,14.876,11.307,14.473,2.979,1.448,7.776,-7.203,-0.956,1.238,10.197,-4.250,-1.674,1.756,-2.744,-4.590,-0.661,-1.507,-2.957,0.820,3.221,-2.785,-0.386,9.140,10.342,-0.959,3.243,12.884,9.775,0.501,1.104,2.893,2.255,-0.739,-1.788,-14.487,1.765,-1.879,8.594,-12.058,-0.089,0.057,-0.664,-12.880,0.095,0.103,-2.147,-11.516,2.659,0.052,-0.570,-13.331,1.460,-0.424,-0.198,-13.378,0.114,-2.411,-2.116,-10.208,-0.150,-4.277,11.975,-16.794,-0.907,-2.217,8.764,-12.343,0.766,0.594,-0.144,-2.381,6.444,0.414,-0.800,7.479,3.312,0.894,-0.551,7.100,-0.990,3.623,-0.255,-2.925,-0.981,3.842,-12.104,-4.453,-1.106,-5.915,11.141,9.790,0.742,0.466,0.813,11.781,6.684,0.129,-0.885,10.437,5.337,-0.103,-0.395,8.573,0.805,0.356,-0.126,6.350,-0.669,3.556,4.114,5.153,-1.884,5.680,-6.330,0.184,-5.975,2.107,2.285,12.598,0.991,0.501,-0.990,0.331,0.888,-0.906,-0.511,-3.039,-0.634,-0.572,-0.014,-3.158,-0.223,-0.223,-0.063,-0.290,1.029,-0.021,1.942,4.321,-0.610,0.273,2.688,5.154,-1.185,0.050,-2.027,5.403,0.368,-0.620,2.085,-5.619,1.570,-0.126,4.040,11.944,5.749,-0.035,-1.610,22.286,2.648,-0.394,-1.150,10.551,0.876,-0.354,-3.402,2.490,-2.677,-0.137,-2.524,3.953,-3.076,0.000,
-109.537,-216.618,-12.465,-24.052,-13.415,-308.078,-9.347,-67.478,19.315,-373.958,-9.780,-111.496,21.050,-123.739,-8.220,-32.863,55.250,356.915,5.080,138.946,86.990,494.132,14.876,174.200,76.171,329.488,7.043,87.002,-227.376,-144.183,-22.628,-19.365,48.444,10.860,2.722,4.358,96.009,28.374,8.191,0.494,31.811,11.283,8.435,-8.958,0.920,74.957,19.323,21.577,25.374,190.204,18.378,42.517,37.051,216.039,8.064,47.148,-339.102,-89.321,-8.984,-21.868,43.536,-5.985,13.050,0.550,132.020,-30.316,-3.227,12.392,78.277,-72.068,-4.118,15.244,9.621,-138.652,-6.125,3.784,-2.714,-142.809,-1.590,-26.069,-15.518,-76.540,0.632,-37.007,-221.358,-57.661,-15.554,-20.352,25.716,-89.177,-46.058,6.474,39.627,-41.773,-44.992,16.577,29.756,15.392,-23.082,36.525,6.844,23.961,-12.749,45.016,-5.428,-28.300,-1.703,16.956,-143.614,-61.626,-4.022,-62.954,-63.198,-47.327,-24.143,7.578,6.956,-31.748,-31.403,10.943,-5.949,14.143,-20.036,5.410,-4.585,49.399,-7.599,11.443,6.961,91.020,-2.631,30.863,34.483,90.635,-14.084,43.634,-78.000,41.277,-52.752,19.869,47.206,155.972,-1.608,33.229,17.288,75.109,-3.262,44.493,-2.090,61.591,-2.715,22.119,-2.190,44.010,-0.469,3.394,6.628,32.885,-8.934,0.760,13.786,3.312,-35.390,1.904,83.028,-27.005,-48.856,7.316,104.259,350.885,6.746,57.877,22.984,248.956,9.102,58.457,3.752,253.802,-3.487,56.192,-29.870,242.138,-65.828,18.521,-29.482,151.388,-74.940,2.120,-17.922,87.947,-36.067,0.125,51.788,76.274,15.642,0.000,
-61.417,-166.413,-7.265,-15.160,-3.406,-260.064,-8.759,-52.049,-3.990,-345.484,-11.399,-124.161,-32.740,-245.578,-10.788,-123.901,22.828,83.567,2.855,-6.353,117.042,385.009,11.307,76.171,406.710,592.327,5.935,148.672,-199.812,-181.361,-25.588,-17.814,-43.199,-60.914,-14.186,-3.306,114.043,33.787,1.051,0.342,109.391,72.772,16.826,2.914,34.176,11.458,21.504,-11.043,19.353,52.308,13.855,5.498,181.364,218.212,24.456,60.871,-361.858,-128.784,-23.638,-24.423,-68.509,-62.819,-3.749,-10.987,156.238,-59.302,8.981,6.937,174.273,-59.383,15.041,15.157,40.544,-150.583,-1.249,5.886,-0.422,-156.832,-0.964,-19.174,7.524,-33.182,7.347,-20.176,-220.161,-103.385,-11.561,-20.801,-11.072,-187.933,-42.266,-8.537,88.318,-152.453,-43.437,20.174,67.820,-55.082,-33.443,56.639,21.136,-20.621,-20.849,54.038,5.732,-88.232,-4.309,11.377,-146.571,-128.864,-4.778,-93.646,-47.679,-63.054,-15.487,16.902,7.244,-70.198,-29.206,19.839,1.839,-16.383,-28.835,11.936,-2.919,70.088,-15.846,16.257,12.628,140.221,-8.349,40.139,78.289,109.618,-16.870,60.109,-124.273,21.028,-62.734,-0.002,14.179,57.366,-2.711,29.219,11.053,24.579,-7.118,37.692,2.780,55.719,-6.341,30.923,0.986,49.974,-3.261,11.380,12.838,33.099,-9.052,1.528,59.729,-17.288,-32.939,1.824,102.846,-61.341,-93.263,5.402,133.229,381.086,1.994,99.853,0.151,324.128,10.239,26.132,7.726,242.829,-2.398,32.014,-26.874,165.203,-28.723,21.501,-7.608,101.056,-50.844,12.412,12.564,84.036,-67.107,6.724,93.889,78.408,-22.788,0.000,
-99.029,-369.730,-21.506,-37.262,114.180,-644.065,-21.369,-160.243,138.789,-895.451,-30.528,-400.772,25.841,-328.325,-32.980,-339.467,136.613,946.444,-10.000,101.217,216.242,1918.204,14.473,329.488,592.327,2415.471,15.382,385.302,-518.642,-518.717,-82.277,-54.144,62.229,-79.736,-14.321,-4.217,394.408,139.757,28.880,8.612,178.100,127.584,31.083,-10.717,29.054,43.949,26.005,-19.005,-4.012,317.083,17.851,46.770,169.304,692.870,25.398,112.290,-960.487,-358.777,-65.142,-85.296,-62.665,-25.764,41.343,-28.514,412.880,-7.911,28.322,34.060,321.436,13.927,3.854,51.301,66.152,-261.210,-27.906,35.854,-3.993,-363.373,-3.356,-36.982,-20.764,-224.052,6.546,-94.725,-571.758,-71.748,-22.690,-68.343,-22.651,-363.335,-112.469,-31.673,151.149,-253.642,-107.473,36.812,124.439,-60.884,-106.839,92.021,77.721,27.414,-63.976,132.210,89.544,-168.418,-1.607,30.996,-309.614,-261.158,-15.070,-233.868,-156.668,34.750,-47.129,38.663,19.205,-119.874,-83.693,46.523,7.138,-55.772,-96.682,17.530,-9.529,53.765,-51.891,12.321,65.685,166.023,-26.660,60.426,314.292,132.716,-62.392,76.485,-163.885,-91.467,-198.636,-24.370,89.297,390.160,-8.163,88.421,42.851,158.390,-29.313,127.804,7.181,146.084,-27.778,93.184,13.319,77.189,-32.013,30.719,70.518,48.948,-60.186,2.225,204.572,-84.196,-148.819,-2.941,350.729,-254.372,-270.391,-8.067,424.209,1318.443,-0.672,203.959,13.523,1161.914,11.256,167.516,-29.632,1015.383,-75.018,160.169,-66.982,727.121,-161.865,79.718,-21.275,386.539,-169.653,31.805,23.662,261.220,-140.837,16.592,298.631,271.954,-34.973,0.000,
1.445,1.963,-0.122,1.135,2.170,-11.851,-0.468,-1.739,-2.339,-18.506,-0.732,-5.938,-1.755,-12.147,-0.347,-5.158,6.214,11.679,1.667,2.245,7.575,25.819,2.979,7.043,5.935,15.382,1.787,4.181,1.524,-4.837,-0.434,0.308,6.292,-1.589,-0.582,1.347,1.928,-1.054,-0.167,-0.104,-0.348,1.120,1.466,-1.127,0.187,3.195,3.523,-0.273,1.566,7.203,3.444,0.784,1.395,5.305,1.622,0.458,-4.405,-7.265,0.006,-0.754,3.213,-3.461,0.080,0.199,1.075,-2.607,-0.044,1.198,-0.194,-0.108,0.478,0.844,-0.112,-3.425,0.205,0.223,-0.120,-5.969,0.100,-1.066,-0.750,-3.877,-0.053,-1.733,-0.078,-3.530,-0.293,-1.387,0.567,-2.601,-0.659,-0.008,-0.539,-1.442,0.547,0.639,-0.028,2.190,-0.700,1.477,0.641,0.419,-1.148,3.004,1.370,-4.575,-0.401,1.220,-5.542,-4.273,-0.434,-4.645,1.577,4.732,-0.147,-0.423,0.152,1.803,1.250,-0.265,-0.290,1.018,0.478,-0.081,-0.072,1.437,-0.495,0.165,2.027,2.397,-0.166,1.603,4.719,2.856,-0.440,2.072,-6.477,-1.797,-2.225,-0.976,2.043,6.520,0.616,0.673,0.399,1.262,0.336,0.350,-0.166,-0.253,0.021,0.003,0.091,-0.064,0.505,-0.079,1.870,0.844,1.354,-0.013,2.414,0.827,0.123,0.061,-3.684,0.137,-1.657,-0.084,0.604,-0.742,0.088,0.563,1.302,1.219,1.112,2.127,0.332,12.286,4.561,1.360,-2.318,11.344,1.414,-0.321,-0.561,0.681,-0.383,-0.221,-0.646,-4.010,-1.377,-0.048,-3.174,-2.530,-2.332,0.000,
