7263.229,2972.456,206.024,214.340,1552.008,439.517,46.558,101.409,55.140,0.067,-0.340,0.000,3.052,-11.512,-6.271,-8.651,-823.817,-67.586,5.027,-241.642,-1022.952,63.924,-1.257,-467.276,398.124,246.007,-6.393,-46.120,3886.536,-1038.786,52.193,30.457,1100.068,-7.962,12.810,61.402,79.617,4.716,-0.510,7.718,44.212,7.511,0.000,8.757,202.301,82.326,1.250,-1.650,-230.604,70.190,0.229,-299.306,318.332,23.441,0.746,-156.670,851.281,-1023.434,-9.750,-143.706,668.722,-27.173,6.304,30.687,142.589,9.139,-0.170,27.460,16.053,1.794,0.000,3.068,142.687,65.236,-0.059,32.837,-97.333,86.361,3.894,-39.313,174.748,-130.218,3.204,-119.846,-91.700,-530.376,15.680,-244.778,306.576,-44.511,7.024,-19.367,208.274,10.946,-1.354,37.301,-6.381,0.201,-5.797,-1.077,75.951,16.653,-4.080,5.924,78.161,41.582,4.466,2.042,44.742,-144.037,-5.503,-65.802,-100.102,-54.699,2.494,-125.813,27.658,42.892,-2.783,-151.149,194.343,21.268,-2.860,14.720,-23.229,-4.964,-30.366,2.172,36.338,10.980,-12.068,2.686,103.877,49.326,14.373,15.220,47.618,-196.356,8.334,-22.997,-119.244,108.500,-0.470,-17.868,-101.141,50.240,-5.221,-122.727,49.797,23.304,-71.324,-15.770,4.277,55.908,-31.619,18.843,68.943,38.866,35.327,2.260,169.379,85.861,50.374,18.786,138.117,68.301,64.826,22.706,-212.180,128.376,14.942,-120.556,-277.651,-63.937,-52.630,-97.071,-336.809,284.727,-76.812,36.988,278.944,310.892,119.074,16.731,261.464,63.283,73.908,0.000,473.589,267.114,134.244,-0.772,386.952,395.989,73.159,28.264,
2972.456,2383.975,66.953,175.468,871.875,377.880,10.256,68.340,55.248,1.569,0.018,0.000,-18.328,-15.710,-4.390,-7.759,-389.010,-111.867,5.753,-103.067,-376.300,-86.744,6.906,-227.449,564.443,212.015,-2.525,-4.351,1970.250,-242.405,-12.577,107.204,936.852,67.933,-2.573,71.521,102.077,5.643,0.027,7.263,2.483,-3.766,0.000,-1.611,75.776,-2.648,2.327,-22.001,-26.303,-42.449,3.989,-175.243,296.269,-135.727,0.611,-125.497,47.239,-636.677,-37.391,-36.802,831.507,26.740,-1.568,86.937,169.677,12.520,0.009,30.191,1.221,-0.410,0.000,0.550,65.015,16.174,0.015,12.434,35.465,-3.670,4.820,-29.130,186.296,-223.803,4.086,-115.619,-753.117,-382.469,-13.944,-172.492,674.168,16.725,3.529,76.439,298.079,15.300,-0.132,53.402,4.262,1.495,-0.695,-0.323,42.295,6.095,-0.537,4.335,112.162,25.048,6.358,4.991,174.770,-97.168,22.745,-29.055,-722.623,-195.034,-2.123,-213.548,454.031,44.566,0.489,-38.567,404.440,27.149,1.281,84.981,29.836,7.448,2.686,5.317,36.311,6.999,-0.825,0.721,132.556,29.567,7.629,14.633,226.490,23.890,39.749,35.526,-572.162,-98.853,-1.004,-172.770,146.810,-12.283,-6.436,-131.182,401.052,18.020,-24.640,98.465,112.851,51.681,11.243,30.186,57.173,19.428,21.000,0.563,134.511,26.842,18.028,9.773,150.484,122.532,40.273,26.267,-406.721,-69.702,-1.156,-190.471,-227.859,-176.540,-53.106,-198.084,173.266,171.945,-26.005,140.561,383.145,273.045,109.531,72.674,120.024,26.805,37.052,0.000,234.795,118.556,53.611,0.251,176.829,243.958,58.237,13.151,
206.024,66.953,32.388,0.142,78.827,19.952,7.787,3.231,1.242,0.265,0.073,0.000,2.114,0.170,-0.243,0.121,-35.434,-0.877,0.117,-11.080,-28.311,13.460,0.698,-5.522,-10.362,9.262,-0.782,11.691,131.091,-39.056,15.690,-7.125,43.459,-1.111,3.523,0.401,1.525,0.339,0.110,0.025,4.440,0.963,0.000,1.064,5.302,4.497,0.014,-3.424,-9.060,-0.227,-0.161,-12.453,4.238,-0.535,-0.040,1.135,48.646,-45.112,1.868,-8.238,18.445,-4.400,1.632,-1.464,1.573,0.095,0.037,0.297,2.609,0.366,0.000,0.304,7.770,3.261,-0.013,1.169,0.721,2.985,-0.069,-2.634,4.324,-9.524,2.233,-4.673,31.160,-19.104,1.572,-8.169,-3.780,-6.328,-0.149,-4.306,-0.993,-0.984,0.225,-0.034,3.759,0.089,0.075,-0.040,4.559,1.283,-0.323,0.678,12.794,0.261,-0.003,0.075,-1.186,-3.388,1.936,-5.145,36.320,4.165,0.198,1.878,-17.608,-6.511,-0.651,-7.158,-9.798,-0.514,-0.390,-0.804,1.615,-0.216,-2.139,0.714,1.801,0.424,-0.971,0.375,9.101,2.810,1.180,0.686,8.537,-12.495,-0.010,-4.289,33.990,9.464,-0.160,6.186,-16.385,-1.578,-0.617,-1.618,-25.541,2.739,-1.368,-6.122,1.530,2.916,-0.488,0.626,1.726,0.542,-0.331,0.218,15.492,7.151,2.139,0.934,9.073,17.253,7.708,1.197,17.239,14.713,-0.425,6.230,-3.008,21.824,-1.538,7.089,-30.691,10.747,4.649,-10.221,1.075,-3.070,4.911,-1.138,4.363,-0.246,0.050,0.000,17.015,11.779,3.835,0.241,-23.221,20.425,4.717,1.692,
214.340,175.468,0.142,36.789,56.427,25.895,-0.470,12.480,2.330,0.152,-0.034,0.000,1.862,-0.255,-0.122,0.131,-6.091,-3.169,0.325,-3.043,-33.906,-7.620,-0.303,-15.647,6.573,2.471,-0.105,-7.447,109.882,-20.341,-4.671,21.809,73.087,6.389,-0.359,12.752,10.975,0.873,-0.051,1.723,0.853,0.427,0.000,0.543,21.250,4.656,0.614,5.362,2.658,-2.510,0.642,-6.759,-9.548,-17.100,0.015,-13.741,-35.982,-41.417,-1.168,-2.366,70.738,4.754,0.623,12.724,22.413,1.367,-0.017,6.134,0.042,0.131,0.000,0.021,9.986,4.051,-0.006,4.327,16.508,3.530,0.488,9.747,-21.275,-19.554,-0.440,-7.942,-103.151,-28.046,0.831,-13.343,56.252,7.483,1.055,12.900,41.099,3.467,0.011,9.035,1.039,-0.563,0.034,-0.051,1.197,-0.044,-0.021,0.644,24.079,4.745,0.832,6.000,-11.828,-3.109,0.882,6.122,-102.721,-22.568,-0.075,-16.773,35.655,5.013,1.152,2.657,55.432,4.353,3.359,13.660,4.705,-0.507,1.297,1.040,-0.563,-0.300,-0.418,-0.075,22.898,4.572,0.897,2.312,1.572,8.498,4.344,11.512,-79.554,-17.526,-0.006,-13.541,-12.669,-0.572,0.264,-10.830,48.520,7.629,3.606,14.040,24.538,3.470,3.946,4.605,3.513,-0.562,-0.260,-0.034,11.627,0.515,1.720,0.929,13.112,8.636,1.405,7.373,-58.454,-22.996,-0.421,-15.845,-53.696,-39.378,-4.183,-29.876,22.234,-1.312,-0.639,5.248,55.960,19.410,4.614,10.599,9.053,1.860,1.890,0.000,12.208,8.309,5.681,0.016,16.529,14.343,1.854,4.234,
1552.008,871.875,78.827,56.427,873.221,251.153,43.629,40.857,56.302,3.439,0.681,0.000,-29.729,-6.277,-0.309,-4.394,-276.597,25.912,15.523,-74.873,-272.221,49.554,4.970,-112.901,24.946,32.549,-4.287,-0.296,569.424,-211.129,48.001,-8.939,612.694,19.628,31.137,16.271,62.600,3.203,1.022,2.688,7.330,3.072,0.000,0.897,48.872,35.582,0.550,-2.822,3.474,29.249,-0.478,-50.511,-25.038,-55.693,-0.017,-14.687,-122.410,-164.702,28.189,-43.728,417.808,24.970,18.439,16.629,75.758,4.911,0.341,10.676,3.190,0.831,0.000,0.561,24.807,19.885,-0.087,5.818,41.792,31.831,3.892,6.965,-19.363,-81.697,18.484,-25.786,-255.233,-106.171,22.310,-90.414,260.646,16.889,2.293,5.311,110.054,0.911,-0.934,16.186,-4.221,-0.745,-1.879,-0.262,6.819,2.682,-0.960,0.024,69.219,23.076,5.164,4.715,-49.243,20.460,12.074,-3.491,-205.746,-11.767,4.300,-57.082,124.918,12.101,-3.150,-25.734,110.445,7.016,-12.992,20.946,-37.286,-0.273,-16.984,2.264,0.834,0.560,-2.422,0.221,62.028,14.198,6.588,1.893,-19.714,-22.319,11.169,7.621,-232.492,30.792,-0.918,-28.236,26.896,14.105,-6.917,6.380,69.793,13.798,-33.249,42.938,-13.911,25.538,-10.507,12.276,15.964,1.053,1.276,0.248,60.608,15.228,9.088,4.016,29.444,67.033,16.034,13.031,-259.213,-43.416,-1.857,-75.811,-150.419,-82.807,-32.771,0.541,66.671,92.478,-10.124,104.356,173.814,75.340,43.099,29.948,44.859,1.811,4.902,0.000,75.197,37.512,18.397,-0.761,-73.907,79.214,1.937,2.773,
439.517,377.880,19.952,25.895,251.153,137.543,8.864,16.308,37.435,2.238,0.479,0.000,-9.448,-2.382,-0.920,-0.922,-91.387,-24.867,4.809,-16.181,-61.271,-1.239,1.666,-29.435,39.171,43.650,-1.802,4.058,167.776,-36.236,18.143,0.098,217.300,15.523,8.948,7.788,38.631,1.344,0.718,1.500,0.568,0.069,0.000,-0.156,12.099,2.244,0.170,-0.564,3.227,-0.325,-0.307,-15.798,18.333,-14.909,-0.099,-14.948,-86.573,-56.169,7.062,-12.537,169.256,5.725,3.042,11.484,43.637,2.502,0.239,6.844,0.494,0.069,0.000,0.135,10.166,4.006,-0.033,1.570,26.595,5.827,0.640,-3.037,13.367,-35.269,2.293,-21.660,-154.137,-56.864,-0.974,-32.381,124.997,5.798,0.330,9.294,69.002,2.044,-0.427,10.779,-3.470,-0.729,-0.976,0.135,2.237,0.271,-0.517,0.544,30.529,8.567,1.743,0.605,27.517,-17.490,6.276,-7.513,-141.032,-24.532,-0.280,-34.718,84.489,0.902,-1.005,-7.920,80.692,2.153,-4.783,13.685,-16.648,-0.922,-7.870,1.334,-2.773,-0.274,-1.582,0.231,40.505,5.382,3.274,1.329,73.364,-10.353,11.396,5.262,-124.852,-9.787,-0.459,-30.402,26.071,0.150,-2.798,-11.115,63.938,1.078,-10.791,25.373,-5.952,9.035,-7.135,6.524,2.588,-0.111,-0.777,0.090,43.844,5.945,3.898,2.036,75.476,42.353,8.820,7.706,-101.464,-27.320,-1.049,-41.025,-44.880,-39.896,-15.127,-29.319,38.496,13.820,-13.969,50.127,57.800,34.648,11.830,20.462,10.745,-0.098,1.067,0.000,34.093,24.189,6.024,0.781,28.514,64.331,8.066,1.419,
46.558,10.256,7.787,-0.470,43.629,8.864,5.617,0.528,2.762,0.416,0.105,0.000,-0.988,-0.026,0.144,-0.185,-7.414,7.968,1.286,-2.565,-11.128,10.921,0.266,-2.287,-15.450,-1.222,-0.191,-1.172,17.565,-8.553,4.586,-2.812,21.954,0.222,3.236,-0.698,1.405,-0.034,0.158,-0.037,1.123,0.494,0.000,0.270,0.209,3.358,0.060,0.201,0.152,4.137,0.024,0.578,-10.039,0.457,-0.008,2.389,5.275,-6.660,2.900,-3.201,8.861,0.308,1.828,-1.115,-0.164,-0.112,0.053,-0.230,0.393,0.119,0.000,0.058,0.149,1.182,-0.003,0.271,2.082,1.791,0.180,1.437,-3.593,-2.616,1.451,1.076,6.214,-0.539,2.585,-2.610,-0.978,0.735,0.066,-1.461,-1.523,-0.233,-0.037,-0.512,-0.621,-0.093,-0.110,-0.008,-0.300,0.184,-0.067,0.023,5.599,-0.300,0.360,0.247,-4.119,3.075,0.371,1.001,7.196,6.636,0.477,2.279,-4.997,-1.158,-0.140,-1.688,-4.451,-0.706,-0.618,-1.111,-2.820,-0.349,-0.969,-0.070,-0.599,-0.068,-0.244,0.016,4.912,0.601,0.751,-0.054,-3.899,-2.097,1.266,-0.784,0.858,7.701,-0.045,4.388,-3.295,1.345,-0.397,5.431,-7.479,0.733,-1.500,-0.590,-3.612,0.642,-1.392,-0.215,-0.362,-0.147,-0.343,0.017,6.070,1.745,1.063,0.092,3.681,5.633,1.510,0.052,-7.757,-0.678,-0.110,0.238,-2.229,1.087,-0.334,7.542,0.190,9.671,1.829,2.740,4.748,1.604,1.364,-0.089,-0.360,-0.281,-0.340,0.000,1.205,2.223,0.328,-0.040,-10.380,1.760,-0.127,-0.193,
101.409,68.340,3.231,12.480,40.857,16.308,0.528,7.932,2.472,0.091,-0.011,0.000,-2.625,-0.201,-0.150,-0.293,-13.266,-2.851,-0.138,-1.858,-15.797,-7.221,-0.390,-7.601,-4.257,-8.242,-0.221,-5.438,26.393,-15.096,0.833,3.264,37.765,1.951,0.845,5.009,6.254,0.580,-0.016,0.758,1.146,0.850,0.000,0.383,8.695,4.211,0.154,2.278,2.622,0.619,0.062,-0.993,-13.036,-5.004,-0.016,-5.231,-26.383,-8.777,0.987,-2.209,32.994,1.680,0.529,4.103,10.510,0.757,-0.005,2.682,0.451,0.206,0.000,0.062,3.351,2.972,-0.005,1.941,5.410,4.218,0.186,6.452,-19.819,-2.220,-0.173,2.595,-40.693,-7.492,1.255,-5.810,21.693,2.631,0.370,3.789,16.759,0.921,-0.070,3.774,0.185,-0.177,-0.159,-0.016,-0.226,0.191,-0.090,0.191,4.969,2.774,0.261,3.039,-12.518,3.659,-0.018,5.563,-39.332,-4.422,0.093,-4.910,11.339,1.245,0.059,0.588,19.557,0.680,-0.108,5.934,-0.279,-0.277,-1.157,0.821,-0.591,-0.045,-0.201,-0.027,3.759,0.635,0.195,0.285,-4.252,2.229,0.322,4.654,-33.940,-5.432,-0.086,-4.411,-2.066,0.010,-0.579,-1.995,15.681,1.430,-1.675,6.733,8.896,2.747,1.013,2.537,2.532,0.024,0.173,-0.011,-0.684,-0.546,0.371,0.101,-6.385,2.536,-0.231,2.671,-29.256,-11.910,-0.209,-7.617,-20.100,-16.779,-2.831,-8.102,9.286,2.462,-2.044,7.348,24.045,8.475,3.247,5.468,5.181,0.496,1.095,0.000,-0.764,1.127,1.453,-0.017,-11.238,-3.179,-0.811,0.662,
55.140,55.248,1.242,2.330,56.302,37.435,2.762,2.472,22.124,1.688,0.413,0.000,-4.732,-0.946,-0.128,-0.717,-39.778,-7.991,1.812,-5.888,-1.875,4.069,0.500,-10.463,51.286,29.522,-0.311,2.417,4.489,-3.742,6.103,-2.015,38.625,3.168,5.024,-0.084,18.009,0.212,0.620,0.141,-0.722,-0.137,0.000,-0.265,-12.432,-0.929,-0.091,-3.219,-3.906,-2.922,-0.151,-6.742,31.789,-3.198,-0.014,-0.595,-23.140,-3.417,3.857,-3.449,26.123,2.790,1.794,1.232,12.067,0.428,0.207,0.914,-0.155,-0.023,0.000,-0.014,-4.155,-0.553,-0.005,-1.823,1.315,-3.360,-0.069,-6.082,25.898,-13.629,-0.260,-6.872,-24.923,-13.317,-0.530,-7.086,18.061,1.560,-0.073,1.211,16.649,0.088,-0.059,1.815,-0.832,-0.151,-0.178,-0.014,-1.681,-0.315,-0.110,-0.324,0.306,-0.988,0.687,-2.573,31.572,-16.684,0.189,-8.215,-22.011,-3.969,-0.091,-7.159,10.240,-1.437,-0.228,-4.053,21.053,-0.015,-0.997,2.137,-3.200,-0.535,-1.479,0.286,-1.326,-0.167,-0.309,-0.027,10.852,-0.049,1.712,-0.445,29.859,-5.090,5.028,-2.476,-16.299,2.348,-0.073,-4.980,0.034,-0.435,-0.790,-3.091,15.334,-0.077,-3.482,4.381,-2.280,1.886,-1.708,1.400,-0.367,-0.240,-0.335,-0.009,17.935,1.512,1.270,0.476,3.279,17.752,3.243,1.086,-13.858,2.526,-0.178,-6.215,-13.646,3.366,-3.353,-4.056,3.645,18.098,-4.094,14.552,14.914,9.543,2.742,6.048,-0.535,-0.457,-0.286,0.000,6.631,-0.147,0.102,-0.115,-12.679,8.186,0.886,-1.366,
0.067,1.569,0.265,0.152,3.439,2.238,0.416,0.091,1.688,0.375,0.088,0.000,-0.320,-0.064,-0.009,-0.048,-2.279,-0.689,-0.058,-0.631,1.107,0.800,-0.062,-1.080,3.419,2.744,-0.021,0.176,-1.010,0.339,0.723,-0.276,2.356,0.515,0.772,0.067,1.616,0.019,0.132,0.052,-0.049,-0.009,0.000,-0.018,-0.669,-0.111,-0.006,-0.335,0.419,-0.284,-0.010,-0.605,1.711,-0.479,-0.001,-0.031,-1.485,-0.758,0.381,-0.423,1.518,0.180,0.290,0.014,0.768,-0.012,0.044,0.075,-0.010,-0.002,0.000,-0.001,-0.233,-0.037,-0.000,-0.114,0.711,-0.389,-0.005,-0.171,1.407,-1.383,-0.018,-0.619,-1.753,-0.898,-0.036,-0.431,1.257,0.246,-0.005,0.000,0.951,-0.026,-0.004,0.022,-0.068,-0.010,-0.012,-0.001,-0.114,-0.021,-0.007,-0.022,1.469,-0.148,0.157,-0.189,1.796,-1.366,0.112,-0.766,-1.301,-0.090,-0.006,-0.370,0.777,-0.264,-0.015,-0.439,1.016,-0.087,-0.070,0.043,-0.312,-0.048,-0.109,-0.008,-0.126,-0.017,-0.027,-0.002,2.508,-0.088,0.281,-0.056,2.169,-1.168,0.736,-0.411,-0.032,0.224,-0.005,-0.277,-0.310,-0.303,-0.053,-0.272,0.952,0.352,-0.184,0.148,0.027,0.543,-0.136,0.021,-0.118,-0.022,-0.038,-0.001,2.993,0.192,0.231,0.013,2.098,1.968,0.898,-0.097,-0.457,0.588,-0.012,-0.065,-1.688,1.094,-0.227,-0.002,-0.886,4.094,0.375,0.152,2.563,1.631,1.154,0.047,-0.126,-0.031,-0.037,0.000,0.745,0.022,0.188,0.002,-1.431,0.387,0.315,-0.083,
-0.340,0.018,0.073,-0.034,0.681,0.479,0.105,-0.011,0.413,0.088,0.022,0.000,-0.064,-0.013,-0.002,-0.010,-0.667,-0.164,-0.012,-0.164,0.166,0.187,-0.012,-0.285,0.962,0.718,-0.004,0.077,-0.264,0.143,0.189,-0.073,0.458,0.116,0.194,-0.018,0.354,-0.001,0.033,-0.001,-0.010,-0.002,0.000,-0.004,-0.176,-0.022,-0.001,-0.087,0.082,-0.066,-0.002,-0.177,0.471,-0.136,-0.000,-0.006,-0.161,-0.165,0.101,-0.102,0.261,0.038,0.074,-0.030,0.078,-0.002,0.011,-0.005,-0.002,-0.000,0.000,-0.000,-0.058,-0.007,-0.000,-0.025,0.169,-0.091,-0.001,-0.065,0.386,-0.343,-0.004,-0.170,-0.173,-0.184,-0.007,-0.082,0.156,0.058,-0.001,-0.011,0.088,-0.005,-0.001,-0.013,-0.014,-0.002,-0.002,-0.000,-0.023,-0.004,-0.001,-0.004,0.336,-0.056,0.031,-0.044,0.395,-0.307,0.014,-0.182,-0.136,0.033,-0.001,-0.054,0.078,-0.060,-0.003,-0.092,0.125,-0.017,-0.014,-0.011,-0.062,-0.010,-0.022,-0.002,-0.025,-0.003,-0.005,-0.000,0.486,-0.038,0.063,-0.014,0.458,-0.267,0.154,-0.085,0.145,0.096,-0.001,-0.035,-0.080,-0.083,-0.011,-0.050,0.142,0.066,-0.032,-0.002,0.003,0.118,-0.023,-0.007,-0.024,-0.004,-0.008,-0.000,0.685,0.034,0.060,-0.004,0.484,0.394,0.197,-0.035,0.002,0.200,-0.002,0.020,-0.302,0.374,-0.045,0.040,-0.320,1.003,0.124,-0.025,0.479,0.353,0.306,-0.028,-0.025,-0.006,-0.007,0.000,0.205,0.013,0.051,-0.002,-0.226,0.104,0.085,-0.019,
0.000,0.000,0.000,0.000,0.000,0.000,0.000,0.000,0.000,0.000,0.000,0.000,0.000,0.000,0.000,0.000,0.000,0.000,0.000,0.000,0.000,0.000,0.000,0.000,0.000,0.000,0.000,0.000,0.000,0.000,0.000,0.000,0.000,0.000,0.000,0.000,0.000,0.000,0.000,0.000,0.000,0.000,0.000,0.000,0.000,0.000,0.000,0.000,0.000,0.000,0.000,0.000,0.000,0.000,0.000,0.000,0.000,0.000,0.000,0.000,0.000,0.000,0.000,0.000,0.000,0.000,0.000,0.000,0.000,0.000,0.000,0.000,0.000,0.000,0.000,0.000,0.000,0.000,0.000,0.000,0.000,0.000,0.000,0.000,0.000,0.000,0.000,0.000,0.000,0.000,0.000,0.000,0.000,0.000,0.000,0.000,0.000,0.000,0.000,0.000,0.000,0.000,0.000,0.000,0.000,0.000,0.000,0.000,0.000,0.000,0.000,0.000,0.000,0.000,0.000,0.000,0.000,0.000,0.000,0.000,0.000,0.000,0.000,0.000,0.000,0.000,0.000,0.000,0.000,0.000,0.000,0.000,0.000,0.000,0.000,0.000,0.000,0.000,0.000,0.000,0.000,0.000,0.000,0.000,0.000,0.000,0.000,0.000,0.000,0.000,0.000,0.000,0.000,0.000,0.000,0.000,0.000,0.000,0.000,0.000,0.000,0.000,0.000,0.000,0.000,0.000,0.000,0.000,0.000,0.000,0.000,0.000,0.000,0.000,0.000,0.000,0.000,0.000,0.000,0.000,0.000,0.000,0.000,0.000,0.000,0.000,0.000,0.000,0.000,0.000,0.000,0.000,0.000,0.000,0.000,0.000,
3.052,-18.328,2.114,1.862,-29.729,-9.448,-0.988,-2.625,-4.732,-0.320,-0.064,0.000,280.329,56.581,8.894,41.624,437.318,165.123,11.765,130.924,-312.414,-88.873,-4.009,-61.470,-361.568,-163.984,-2.174,-103.864,108.680,51.759,1.840,12.529,-32.084,3.265,0.369,2.444,-5.862,-0.206,-0.096,-0.416,44.248,5.285,0.000,17.701,260.741,28.488,1.527,122.037,75.338,31.244,1.539,45.134,-422.477,-113.428,-0.096,-119.813,67.350,-8.149,-0.758,13.688,-13.651,-2.328,0.547,4.749,-6.540,-0.635,-0.032,-1.133,6.191,-0.027,0.000,0.982,160.830,9.953,0.157,65.832,195.097,51.970,-0.246,94.983,-416.095,1.342,-1.534,-56.921,-13.081,12.187,-0.387,22.277,-6.753,-10.532,0.511,7.233,0.172,-1.704,-0.416,0.363,-7.067,-0.366,-0.903,-0.096,69.128,11.599,-0.423,17.741,217.450,56.555,-0.979,72.404,-229.786,55.377,-9.831,45.227,-6.797,-10.251,-0.462,12.015,6.957,-16.524,0.157,5.361,-4.378,-3.466,-2.963,2.722,-18.342,2.001,-6.410,0.117,23.269,6.009,-1.404,2.169,148.358,44.549,-1.859,32.825,117.665,50.912,-14.323,74.059,18.377,-25.490,-0.467,-1.362,20.796,-8.765,1.924,-1.219,-16.860,1.916,-3.055,-2.709,-12.778,1.825,-10.404,-1.092,-2.176,0.759,-2.779,0.969,73.734,28.781,-1.809,11.362,259.998,97.012,-7.107,48.306,43.419,-35.222,-0.447,3.296,71.593,-41.202,11.041,-13.977,-48.504,-55.283,-1.821,-51.020,-31.301,-30.368,-14.397,-11.438,-9.600,-2.531,-3.258,0.000,27.815,2.668,-3.809,2.896,292.467,148.067,-6.342,41.957,
-11.512,-15.710,0.170,-0.255,-6.277,-2.382,-0.026,-0.201,-0.946,-0.064,-0.013,0.000,56.581,20.061,1.266,10.336,74.213,44.997,1.361,29.570,-63.223,-20.469,-0.957,-11.330,-73.812,-33.700,-0.434,-21.205,10.099,21.384,1.436,1.036,-6.575,1.719,0.468,-0.199,-1.144,-0.032,-0.019,-0.083,7.924,3.336,0.000,3.457,49.806,11.434,0.339,24.697,19.068,5.725,0.567,8.244,-87.750,-25.179,-0.019,-25.279,7.261,11.607,1.453,4.039,-1.404,0.948,0.072,0.966,-1.424,-0.211,-0.006,-0.213,0.983,0.135,0.000,0.147,29.222,2.527,0.083,12.263,44.146,10.893,-0.007,22.523,-89.102,0.237,-0.364,-10.713,-7.417,3.916,0.970,4.557,0.638,-2.711,0.009,1.633,0.620,-0.464,-0.083,-0.171,-1.412,-0.211,-0.249,-0.019,10.316,1.148,-0.153,3.113,43.776,9.373,-0.204,15.512,-52.426,16.823,-2.051,14.870,-9.060,-1.580,-0.017,1.383,5.916,-1.742,0.392,2.561,-0.311,-0.508,-0.568,0.191,-6.288,0.103,-2.255,-0.060,1.166,0.487,-0.556,0.239,30.844,6.992,-0.380,6.640,13.224,8.679,-3.201,16.837,-6.668,-7.571,-0.091,-0.232,7.638,-1.636,1.228,5.432,-3.649,0.984,-1.392,1.967,-6.422,2.326,-3.969,-0.338,-1.885,-0.149,-0.757,0.098,14.113,5.508,-0.563,2.234,42.722,12.864,-2.003,9.746,-4.269,-8.642,0.117,-1.197,4.773,-10.930,2.555,2.391,-2.652,-1.567,3.340,-3.489,-0.474,-3.398,-1.341,-2.199,-2.002,-0.472,-0.706,0.000,1.462,-0.548,-1.207,0.642,70.323,24.799,-3.699,11.680,
-6.271,-4.390,-0.243,-0.122,-0.309,-0.920,0.144,-0.150,-0.128,-0.009,-0.002,0.000,8.894,1.266,1.354,1.342,10.251,3.609,1.772,3.982,-10.657,-3.076,-0.108,-1.922,-10.003,-4.719,-0.059,-2.750,0.100,0.672,0.003,0.489,-2.135,-0.439,0.087,-0.247,-0.173,-0.010,-0.003,-0.011,1.141,-0.026,0.000,0.783,5.223,0.679,0.116,4.859,1.220,2.481,0.283,1.784,-12.259,-2.769,-0.003,-2.854,6.374,-1.620,0.253,-0.757,-4.396,-0.344,0.087,-0.549,-0.307,-0.035,-0.001,-0.071,-0.029,-0.004,0.000,-0.003,2.926,0.340,0.044,1.695,4.564,2.603,0.054,2.940,-10.365,1.293,0.095,-1.131,6.491,-0.876,0.111,0.122,-5.228,-0.654,-0.003,-0.933,-0.947,-0.072,-0.011,-0.188,-0.191,-0.029,-0.034,-0.003,0.838,0.140,-0.021,0.205,3.850,1.801,-0.005,1.756,-4.528,3.942,-0.233,1.896,8.500,0.253,0.027,0.811,-4.690,-1.222,0.312,-1.390,-1.821,-0.245,0.247,-0.626,-0.875,-0.135,-0.305,-0.022,-0.352,-0.048,-0.075,-0.005,1.748,0.940,-0.054,0.289,2.514,2.040,-0.646,2.028,9.271,1.066,-0.014,1.450,-1.529,0.139,1.006,-1.432,-1.862,-1.033,0.869,-1.634,-1.932,-0.366,-0.597,-0.097,-0.330,-0.062,-0.105,-0.002,0.761,-0.091,-0.100,0.010,4.953,0.955,-0.660,0.778,11.793,1.408,0.144,2.441,5.072,-1.282,1.499,-1.756,-6.129,-5.143,-0.054,-3.385,-3.723,-1.360,-0.910,-0.397,-0.353,-0.086,-0.105,0.000,-0.557,-0.613,-0.220,-0.026,-2.368,1.990,-0.673,-0.063,
-8.651,-7.759,0.121,0.131,-4.394,-0.922,-0.185,-0.293,-0.717,-0.048,-0.010,0.000,41.624,10.336,1.342,8.967,62.142,22.191,1.749,26.052,-50.812,-19.280,-0.684,-9.290,-56.454,-26.559,-0.330,-16.501,10.317,6.847,2.053,0.606,-3.976,0.591,0.510,-0.303,-0.836,-0.014,-0.015,-0.063,6.212,0.771,0.000,2.925,39.642,3.866,0.103,22.318,11.795,2.999,0.101,8.852,-68.230,-19.943,-0.015,-19.906,12.206,1.063,1.226,0.912,-3.962,-1.739,0.209,-0.838,-1.109,-0.149,-0.005,-0.220,0.513,0.042,0.000,0.085,23.802,1.691,0.017,11.203,33.314,8.814,-0.050,17.824,-70.232,-0.946,-0.276,-9.323,7.477,1.977,0.493,3.813,-4.915,-2.784,0.011,-0.756,-2.216,-0.352,-0.063,-0.434,-1.071,-0.138,-0.178,-0.015,9.233,1.049,-0.105,2.767,34.463,7.786,-0.155,12.727,-41.551,11.509,-1.544,10.277,10.550,-1.531,-0.052,3.359,-2.627,-3.421,-0.042,-0.290,-6.388,-0.699,-0.699,-1.342,-4.187,-0.156,-1.477,-0.071,1.233,0.373,-0.377,0.299,21.667,6.821,-0.283,5.917,12.104,9.448,-2.141,15.216,10.263,-4.082,-0.066,1.745,2.519,-1.986,-0.049,0.896,-10.356,-0.653,-1.839,-2.515,-4.899,0.110,-2.594,-0.343,-1.279,-0.110,-0.536,0.068,9.202,3.976,-0.395,1.430,34.012,16.695,-0.780,9.023,9.978,-5.319,-0.089,2.916,16.506,-4.155,1.999,1.250,-10.320,-7.360,0.502,-8.922,-7.790,-4.647,-2.679,-1.841,-1.337,-0.318,-0.509,0.000,-0.448,-0.520,-0.825,0.266,24.291,14.821,-2.497,5.182,
-823.817,-389.010,-35.434,-6.091,-276.597,-91.387,-7.414,-13.266,-39.778,-2.279,-0.667,0.000,437.318,74.213,10.251,62.142,2479.183,481.172,35.043,647.118,26.137,-167.728,-8.815,244.488,-2726.429,-1125.239,-22.366,-628.729,-583.961,167.514,-30.311,35.623,-266.455,-17.121,-13.192,-0.311,-42.942,0.076,-1.000,-0.180,57.987,0.729,0.000,21.735,817.415,48.150,6.569,386.060,811.737,234.369,7.867,597.920,-2240.894,-120.423,-0.000,-368.860,-39.365,200.054,2.652,85.994,-171.835,-1.599,-2.238,13.252,-29.066,-4.145,-0.333,-1.574,4.450,-1.290,0.000,1.100,346.156,15.026,0.322,139.815,906.239,239.978,0.831,421.748,-1800.863,438.403,-10.692,136.857,-96.693,100.940,-7.401,139.073,-12.971,-15.988,3.353,49.578,-38.486,-12.341,-2.919,-3.828,-47.284,-5.116,-6.356,0.366,104.004,16.589,-1.793,31.439,694.746,200.848,-4.433,201.939,-591.924,379.217,-57.111,329.139,-221.089,-8.095,-2.892,85.926,131.678,-61.827,4.281,107.820,-109.464,-46.027,-22.852,10.172,-142.345,-17.807,-43.404,-1.737,9.732,7.302,-4.725,3.482,339.837,113.017,-9.438,77.827,461.451,321.749,-87.999,270.028,-227.955,-117.038,0.409,1.406,173.989,-28.941,5.296,118.898,6.776,-5.369,-24.936,26.263,-63.958,-30.812,-51.985,-9.251,-34.048,-12.050,-20.235,1.377,48.924,51.257,-12.879,21.634,714.732,303.017,-41.290,135.996,-179.990,-280.423,-2.039,-27.666,382.917,-321.853,22.048,4.321,313.829,-321.975,-53.140,-103.424,-137.979,-170.207,-93.145,-33.526,-64.130,-21.454,-25.880,0.000,-10.538,44.950,-7.573,6.451,684.718,283.060,-4.381,73.064,
-67.586,-111.867,-0.877,-3.169,25.912,-24.867,7.968,-2.851,-7.991,-0.689,-0.164,0.000,165.123,44.997,3.609,22.191,481.172,390.504,9.397,145.329,-207.173,204.518,-5.698,69.518,-636.193,-190.124,-5.591,-114.716,-72.110,82.754,8.597,12.659,-4.891,9.063,4.736,8.657,-9.933,-0.320,-0.247,0.053,16.826,8.000,0.000,6.226,153.931,48.393,0.206,79.206,109.881,79.131,0.131,117.806,-469.420,15.918,-0.158,-37.449,-53.934,75.508,8.233,18.289,8.456,13.786,3.586,22.449,-1.583,0.206,-0.082,3.158,0.616,-0.094,0.000,0.226,66.310,5.601,0.101,26.010,151.406,36.494,0.228,80.121,-323.879,49.658,2.797,22.769,-74.433,-15.343,7.523,2.789,5.993,2.428,0.223,27.433,19.818,-0.680,-1.024,11.676,-11.271,-1.447,-1.418,-0.113,18.437,2.282,0.104,5.890,152.194,21.019,-0.492,34.066,-75.890,41.051,-12.721,38.516,-78.862,-17.291,1.022,4.049,-13.482,-14.829,0.511,23.509,10.824,0.276,-5.591,24.293,-36.959,4.346,-12.202,1.500,-1.653,0.873,0.136,0.451,119.458,17.343,-0.324,14.988,97.892,17.644,-8.658,32.532,-58.994,-8.922,-0.027,10.097,-58.479,-25.052,2.159,30.081,-17.860,25.819,-15.873,23.846,-11.914,11.662,-22.929,-0.348,-11.220,-4.153,-4.831,0.202,66.214,20.600,4.223,7.373,145.761,63.903,8.566,23.850,-51.540,-28.668,-0.451,11.517,-71.137,-87.266,6.449,5.576,-22.971,-88.292,-14.648,-37.720,-30.067,-50.201,-29.860,-11.423,-12.090,-3.328,-5.271,0.000,45.217,23.677,13.339,1.428,198.312,126.694,13.232,32.099,
5.027,5.753,0.117,0.325,15.523,4.809,1.286,-0.138,1.812,-0.058,-0.012,0.000,11.765,1.361,1.772,1.749,35.043,9.397,9.515,12.365,-22.153,-3.997,5.756,0.508,-51.862,-20.332,-0.326,-11.679,6.653,1.668,3.506,0.667,8.969,2.640,0.702,0.483,0.335,0.275,-0.017,0.003,1.088,-0.173,0.000,0.865,14.506,1.411,0.585,10.962,13.708,6.387,1.082,11.721,-46.823,-4.814,0.060,-5.205,-0.076,-5.233,2.280,-0.553,1.109,1.906,0.752,1.732,3.573,0.514,-0.006,1.127,0.204,0.038,0.000,-0.017,6.037,0.546,0.055,2.890,19.841,6.098,0.319,8.371,-31.183,1.343,0.704,1.387,-7.438,-4.666,0.608,-0.864,-3.582,1.392,0.308,0.844,8.302,0.021,0.164,1.964,2.124,0.076,0.075,0.216,0.509,0.007,-0.139,0.151,15.976,4.370,0.004,4.461,-6.313,8.794,-1.153,7.191,-6.481,-2.378,0.162,-0.400,-4.461,-1.425,0.789,-1.161,12.367,-0.322,2.084,1.327,4.187,-0.834,0.402,0.400,-1.916,-0.268,-0.435,-0.035,7.784,2.941,-0.014,1.497,11.270,2.054,-1.900,5.776,1.184,0.214,0.019,0.765,-8.391,1.365,2.185,-2.552,11.668,2.509,6.103,1.028,4.556,-0.466,0.609,0.131,-1.721,-0.416,-0.621,-0.012,-0.051,1.097,-0.175,0.419,19.588,7.261,-0.498,3.645,9.362,1.432,0.186,2.821,-10.657,-7.618,4.330,-7.622,-2.318,-5.905,3.623,-1.671,5.100,1.057,-0.316,0.856,-1.833,-0.577,-0.682,0.000,-3.123,3.852,-0.705,0.866,7.730,13.036,2.459,0.834,
-241.642,-103.067,-11.080,-3.043,-74.873,-16.181,-2.565,-1.858,-5.888,-0.631,-0.164,0.000,130.924,29.570,3.982,26.052,647.118,145.329,12.365,294.762,-184.214,-105.373,-2.420,138.041,-758.429,-324.168,-5.508,-173.786,-165.814,28.187,1.507,6.162,-59.539,-4.140,-1.720,-1.617,-11.740,-0.284,-0.246,-0.332,12.009,0.130,0.000,5.284,207.286,6.904,2.149,141.154,189.477,57.594,2.584,228.434,-657.177,-61.867,-0.124,-97.146,-12.139,52.412,3.903,17.732,-40.701,-9.367,-0.420,-3.874,-12.340,-1.512,-0.082,-1.905,-0.854,-0.293,0.000,-0.029,81.268,0.398,0.262,41.110,252.958,60.931,0.004,138.699,-510.333,117.637,-3.173,44.206,44.930,-0.057,-2.398,32.933,-31.286,-12.771,0.816,5.022,-23.223,-3.498,-0.877,-3.965,-13.122,-1.794,-1.703,-0.013,19.333,1.105,-0.423,7.508,173.039,47.266,-1.368,60.060,-141.286,115.250,-11.392,116.560,-8.091,5.221,-0.873,31.592,9.340,-23.752,2.223,19.383,-45.666,-13.493,-4.996,-3.239,-43.448,-7.166,-13.760,-0.805,-7.703,-0.457,-1.576,0.669,66.080,26.438,-2.109,22.097,118.176,112.379,-12.584,83.842,-31.473,-28.567,-0.034,17.566,28.630,-10.615,6.563,50.670,-9.843,-15.611,-1.472,4.496,-34.666,-12.447,-21.349,-3.265,-13.820,-4.397,-5.923,0.025,0.368,10.459,-2.526,3.934,40.842,107.695,-4.440,37.456,-42.048,-61.678,-0.241,12.346,86.088,-99.235,12.558,47.789,88.335,-115.033,-20.271,1.319,-76.467,-51.201,-39.197,-3.916,-17.617,-5.742,-7.286,0.000,-28.874,2.457,-3.765,0.563,-30.144,13.201,-14.292,11.518,
-1022.952,-376.300,-28.311,-33.906,-272.221,-61.271,-11.128,-15.797,-1.875,1.107,0.166,0.000,-312.414,-63.223,-10.657,-50.812,26.137,-207.173,-22.153,-184.214,1642.227,142.879,-5.498,214.311,-367.935,-132.393,-13.696,-12.853,-665.944,141.958,-37.960,-6.289,-155.212,-9.347,-14.062,-12.690,4.280,0.473,0.249,0.633,-60.935,-11.519,0.000,-22.842,-307.638,-74.672,-4.136,-189.659,407.393,-13.082,-4.620,30.981,57.320,279.893,-0.185,141.995,-147.057,196.634,-14.618,33.322,-86.476,-2.244,-7.796,-14.330,5.230,-0.990,0.083,-3.763,-9.537,-1.597,0.000,-1.385,-199.876,-35.930,-0.262,-97.552,25.821,-57.048,-2.990,-97.613,219.529,182.919,-11.758,198.134,-85.627,132.295,-19.367,77.866,48.741,-0.216,-2.424,8.956,-8.868,-11.303,0.355,-11.150,-6.868,-0.786,-1.111,0.215,-84.765,-13.891,-1.138,-20.958,-123.958,-58.777,-3.925,-91.383,163.053,45.154,-32.278,28.576,-156.634,32.510,-2.870,29.611,172.916,-6.239,-3.416,61.222,-75.383,-33.050,-5.849,-4.196,-20.087,-6.079,2.792,-0.394,-20.037,-3.980,0.235,-2.247,-124.331,-48.146,-6.355,-33.128,-288.526,48.442,-60.218,-43.508,-192.159,-66.878,2.254,-42.342,233.652,-9.747,-15.203,75.079,-56.353,-33.944,-21.282,39.339,44.906,-2.644,32.652,6.346,10.057,-2.703,0.942,-0.823,-135.886,-44.151,-17.333,-9.973,-402.768,-104.556,-53.169,-45.883,-218.170,-219.424,-4.272,-57.219,275.003,-98.935,-34.045,96.655,220.369,92.562,7.323,113.257,122.905,25.537,42.600,11.396,-39.849,-13.565,-6.847,0.000,-155.223,-74.157,-35.944,-2.896,-440.323,-287.672,-9.875,-56.265,
63.924,-86.744,13.460,-7.620,49.554,-1.239,10.921,-7.221,4.069,0.800,0.187,0.000,-88.873,-20.469,-3.076,-19.280,-167.728,204.518,-3.997,-105.373,142.879,683.516,-10.430,66.038,-64.873,348.052,-8.142,108.632,-4.162,-12.904,14.814,-21.348,12.802,10.687,6.076,3.349,1.472,-0.141,0.280,0.658,-19.681,-1.622,0.000,-8.059,-173.464,6.568,-3.106,-100.322,-118.437,48.013,-4.914,-91.778,343.481,251.566,-0.314,120.210,27.962,-14.547,5.167,-38.678,-36.706,-0.380,3.581,8.529,5.906,0.256,0.093,5.881,-4.938,-0.711,0.000,-0.464,-86.938,-7.634,-0.190,-45.493,-165.533,-48.883,-1.206,-117.560,404.007,-48.586,5.592,-29.547,151.583,-85.768,4.354,-74.117,-95.482,-13.200,-0.596,-18.933,12.832,-1.309,-1.498,10.708,-16.579,-2.392,-2.082,0.380,-37.642,-6.143,-0.154,-9.196,-99.783,-48.658,0.859,-62.804,263.634,-132.696,3.893,-134.154,291.396,-47.342,0.011,-52.582,-166.223,-36.166,-4.922,-75.498,-44.497,-1.898,-5.781,-2.593,-48.286,1.532,-11.670,2.028,-23.552,-3.007,-1.541,-0.862,21.014,-17.116,5.691,-18.743,46.713,-64.683,34.602,-89.632,350.533,82.289,-0.334,27.048,-198.938,-33.214,-0.259,-90.487,-154.640,-1.702,-14.132,-49.179,-73.786,-2.940,-26.510,-2.391,-15.730,-4.486,-5.147,-0.313,90.474,11.422,9.310,-2.662,36.567,15.530,34.057,-32.656,291.323,217.173,1.573,96.583,-78.663,205.527,19.518,-29.003,-300.040,-47.819,-9.491,-127.008,-157.361,-56.754,-38.901,-20.688,-13.999,-3.117,-4.384,0.000,107.744,63.584,27.944,0.467,59.299,130.000,49.068,-15.804,
-1.257,6.906,0.698,-0.303,4.970,1.666,0.266,-0.390,0.500,-0.062,-0.012,0.000,-4.009,-0.957,-0.108,-0.684,-8.815,-5.698,5.756,-2.420,-5.498,-10.430,11.330,-1.895,-4.522,-4.983,3.170,0.301,8.038,2.037,4.219,0.497,6.575,3.756,0.071,0.745,0.042,0.186,-0.019,-0.009,-0.857,-0.187,0.000,-0.300,-2.687,-1.194,0.459,-1.019,6.281,-2.977,1.133,2.897,-7.406,-5.533,0.176,4.259,-13.358,-5.914,1.407,0.967,6.470,2.109,0.149,2.298,3.276,0.651,-0.006,0.922,1.121,0.191,0.000,-0.019,-1.834,-0.432,-0.001,-0.891,5.240,-1.207,0.368,0.636,2.289,-8.038,0.367,3.491,-23.179,0.687,0.432,0.100,5.654,2.749,0.161,2.822,11.095,0.216,0.725,1.441,11.111,0.816,1.574,0.198,-0.222,-0.336,0.434,-0.315,1.125,-0.303,-0.033,0.267,10.199,0.350,-0.979,3.636,-23.738,-2.358,0.209,-2.016,6.010,0.684,0.788,1.681,19.875,0.602,3.256,1.886,21.724,0.066,4.944,0.350,2.151,-0.305,0.680,-0.037,-1.532,-0.614,-0.076,0.162,-1.355,-2.748,0.381,-0.091,-14.402,-4.822,0.056,-3.650,-6.862,0.721,0.194,0.068,15.519,5.186,4.555,3.838,17.142,1.098,3.633,-0.070,1.063,-0.282,-0.072,-0.012,-3.300,0.579,0.282,0.016,3.773,1.147,4.248,0.072,-3.540,0.403,-0.121,-0.348,-21.388,-5.399,1.929,-4.386,3.185,0.697,5.325,3.968,13.267,3.687,3.360,0.788,-1.278,-0.457,-0.704,0.000,-5.805,3.030,-0.406,0.774,-12.628,5.844,4.343,-0.040,
-467.276,-227.449,-5.522,-15.647,-112.901,-29.435,-2.287,-7.601,-10.463,-1.080,-0.285,0.000,-61.470,-11.330,-1.922,-9.290,244.488,69.518,0.508,138.041,214.311,66.038,-1.895,363.696,-660.340,-221.689,-8.482,21.384,-311.716,-4.324,3.822,0.576,-88.651,-15.470,-4.418,-6.218,-17.399,-0.887,-0.427,-0.247,-17.888,-3.069,0.000,-6.824,-90.364,-16.919,-0.977,0.396,60.878,12.766,-1.335,203.205,-298.583,110.470,-0.150,155.783,-57.825,61.434,2.969,20.112,-75.815,-17.243,-2.257,-10.496,-15.671,-1.915,-0.142,-4.294,-3.044,-0.446,0.000,-0.505,-66.483,-14.839,0.013,-25.619,-13.269,-25.086,-1.026,15.636,-120.575,124.931,0.246,152.617,91.553,-3.978,-5.738,31.573,-47.790,-18.668,-0.702,-5.122,-39.741,-5.275,0.053,-9.442,-4.125,-1.974,0.449,-0.144,-28.284,-6.141,0.820,-6.710,-70.233,-28.921,-2.087,-23.730,-145.251,65.420,-3.933,33.142,30.205,15.406,-1.088,44.538,-18.865,-30.174,-1.051,28.944,-79.710,-15.619,-2.150,-6.953,-29.168,-6.114,-3.658,-1.506,-14.335,-3.900,2.455,-0.721,-81.968,-19.803,-1.859,-9.395,-365.466,17.593,-18.028,-10.079,-28.799,-14.144,0.532,42.613,-18.483,-22.042,0.397,89.952,-70.748,-9.710,6.207,21.318,-1.244,-8.367,2.418,-1.190,-11.095,-5.036,-3.409,-0.329,-83.047,-11.703,-3.910,-2.053,-477.070,-34.285,-14.146,-9.501,-84.000,-82.109,-2.173,46.120,-4.837,-74.839,-8.339,143.049,96.608,-17.310,-3.483,87.510,4.945,-23.391,-20.267,12.596,-27.737,-8.164,-7.444,0.000,-109.815,-37.938,-14.685,-1.730,-528.997,-198.451,-29.478,-21.222,
398.124,564.443,-10.362,6.573,24.946,39.171,-15.450,-4.257,51.286,3.419,0.962,0.000,-361.568,-73.812,-10.003,-56.454,-2726.429,-636.193,-51.862,-758.429,-367.935,-64.873,-4.522,-660.340,4807.147,1708.006,44.880,705.591,767.853,-37.325,-15.854,-7.930,193.342,54.707,1.103,7.941,70.072,1.564,1.443,-0.749,-57.828,-10.575,0.000,-21.445,-878.132,-103.509,-7.261,-445.981,-1131.695,-377.235,-11.427,-939.483,3325.105,-137.675,-0.774,163.242,90.743,-268.863,-29.919,-99.828,223.354,45.073,-0.706,5.015,49.379,7.600,0.481,1.756,-7.718,-1.040,0.000,-1.124,-313.424,-40.403,-0.375,-141.082,-1100.007,-337.693,-4.999,-564.947,2491.672,-739.972,5.574,-449.933,24.083,-146.319,-4.629,-189.413,88.621,61.694,-3.340,-39.933,74.399,28.798,2.256,18.333,44.075,8.023,6.502,-0.374,-58.759,-11.311,2.312,-25.594,-747.449,-221.758,6.626,-218.592,1113.962,-661.487,90.964,-520.411,294.980,-95.669,1.583,-202.274,-114.347,129.751,-4.581,-171.633,248.910,99.248,19.941,13.179,206.092,27.554,51.440,5.282,30.805,-0.029,5.694,-2.226,-290.256,-108.284,8.281,-67.409,321.144,-386.540,148.319,-314.628,443.835,130.721,-3.057,-82.474,-200.829,56.331,-4.721,-343.014,200.052,17.598,24.334,-81.921,96.916,30.782,40.889,12.970,37.412,23.953,29.939,-0.749,46.922,-61.642,1.060,-17.187,30.811,-249.419,63.190,-130.440,576.927,556.757,5.080,14.597,-352.774,588.999,16.998,-263.978,-343.484,281.949,59.870,-80.651,45.307,170.707,68.710,19.064,32.961,27.994,34.381,0.000,82.393,-90.477,-19.521,-2.647,53.329,-4.554,35.447,-27.316,
246.007,212.015,9.262,2.471,32.549,43.650,-1.222,-8.242,29.522,2.744,0.718,0.000,-163.984,-33.700,-4.719,-26.559,-1125.239,-190.124,-20.332,-324.168,-132.393,348.052,-4.983,-221.689,1708.006,998.130,9.563,349.436,339.127,-50.098,13.329,-17.149,83.644,27.654,5.537,0.767,31.477,0.029,1.077,-0.096,-27.917,-4.623,0.000,-10.403,-390.067,-37.981,-3.551,-202.982,-534.527,-112.489,-5.752,-411.133,1451.609,73.647,-0.401,101.561,110.805,-163.659,-4.433,-72.246,36.342,0.376,2.082,-0.735,17.022,1.049,0.359,4.049,-4.321,-0.600,0.000,-0.540,-142.004,-16.356,-0.180,-67.249,-490.182,-147.323,-2.378,-267.042,1148.895,-337.609,4.310,-245.873,201.030,-122.172,-0.545,-122.485,-68.470,-10.427,-1.319,-42.594,20.414,5.980,-0.540,8.459,13.769,1.742,2.373,0.327,-27.546,-4.994,1.957,-12.593,-309.643,-98.327,3.133,-105.181,563.872,-341.811,39.321,-277.767,418.573,-83.157,0.533,-107.753,-190.113,-1.355,-4.218,-133.036,21.136,28.829,0.631,-13.337,40.792,12.376,13.444,2.016,10.366,-1.415,3.454,-1.069,-63.745,-41.128,8.864,-31.527,299.967,-195.378,86.598,-161.412,503.245,102.076,-1.236,-4.122,-220.027,1.491,-0.556,-197.693,-74.215,-0.249,2.647,-85.081,-32.386,11.779,-7.309,-1.413,0.689,2.604,4.286,-0.360,121.803,-5.916,9.361,-7.304,284.236,-64.615,62.656,-62.873,528.209,405.458,4.740,83.877,-143.372,427.418,16.357,-127.581,-393.751,93.864,10.896,-148.545,-112.444,21.218,-9.043,-14.318,-5.522,5.791,2.777,0.000,164.641,43.659,17.848,0.177,300.151,193.958,69.406,-23.385,
-6.393,-2.525,-0.782,-0.105,-4.287,-1.802,-0.191,-0.221,-0.311,-0.021,-0.004,0.000,-2.174,-0.434,-0.059,-0.330,-22.366,-5.591,-0.326,-5.508,-13.696,-8.142,3.170,-8.482,44.880,9.563,4.424,5.221,2.343,-1.534,0.017,-0.616,-1.556,0.835,0.057,-0.122,-0.420,-0.025,-0.006,-0.027,-0.332,-0.063,0.000,-0.122,-5.932,-0.753,-0.042,-2.926,-10.059,-3.631,-0.053,-6.897,24.364,-5.097,0.010,2.805,-2.214,-4.269,0.588,-1.851,-0.978,-0.109,0.109,-0.848,-0.656,-0.062,-0.002,-0.172,0.062,0.012,0.000,-0.006,-1.960,-0.254,-0.002,-0.848,-8.804,-2.679,-0.031,-3.917,19.914,-8.196,-0.120,-4.436,2.029,-0.179,0.423,-1.642,-2.576,0.262,-0.034,-1.278,-0.445,-0.041,0.206,-0.458,2.758,0.353,0.785,-0.006,0.672,-0.145,0.416,-0.149,-6.517,-1.509,0.400,-1.326,4.807,-4.428,2.549,-3.878,5.729,1.016,0.091,-0.179,-2.952,-0.001,-0.105,-1.872,0.950,0.417,1.410,-1.214,10.398,0.495,3.515,-0.052,2.868,-0.118,0.673,-0.013,-3.065,-0.367,0.401,-0.426,-4.451,-2.466,4.625,-2.584,7.255,2.452,-0.034,0.455,-4.905,3.487,-0.208,-2.912,1.898,4.964,2.100,-2.205,6.911,0.729,2.114,-0.235,1.209,-0.018,0.133,-0.004,-1.455,0.510,0.290,-0.139,-2.962,-0.361,1.535,-1.097,9.937,7.464,-0.082,2.504,-6.673,10.555,2.510,-1.758,-4.219,1.089,5.192,-4.810,-2.481,-1.448,1.218,-0.963,-0.592,-0.077,-0.254,0.000,-2.954,-1.147,-0.135,-0.063,-13.572,-3.030,-0.779,-0.638,
-46.120,-4.351,11.691,-7.447,-0.296,4.058,-1.172,-5.438,2.417,0.176,0.077,0.000,-103.864,-21.205,-2.750,-16.501,-628.729,-114.716,-11.679,-173.786,-12.853,108.632,0.301,21.384,705.591,349.436,5.221,328.566,35.035,-63.470,15.667,-10.002,17.746,1.638,2.100,-2.286,4.585,-0.074,0.116,-0.436,-17.101,-3.006,0.000,-6.439,-251.751,-25.622,-2.098,-116.867,-348.416,-95.486,-3.339,-156.502,674.997,19.042,-0.217,210.387,-42.962,-47.645,2.435,-17.135,-3.566,-4.136,1.693,-6.141,0.506,0.609,0.039,-1.910,-0.717,-0.045,0.000,-0.334,-95.473,-12.489,-0.111,-42.241,-348.455,-102.745,-1.236,-141.241,525.158,-143.341,8.162,-40.073,60.798,-13.980,0.179,-28.390,-18.988,-6.770,-1.031,-19.172,-7.092,-0.515,1.348,-2.524,19.337,1.822,3.593,-0.117,-22.135,-4.718,1.590,-7.813,-250.636,-73.036,0.016,-63.044,-64.543,-103.353,21.546,-136.024,113.615,-8.495,0.196,-17.179,-60.389,-6.456,-3.893,-26.271,-0.907,11.109,7.002,-5.567,55.874,9.610,18.235,0.329,2.069,-1.788,3.817,-0.668,-135.525,-42.113,0.494,-20.318,-456.509,-123.012,13.361,-91.870,111.029,40.621,-0.664,21.183,-89.979,-5.010,-3.149,-18.066,-24.581,13.170,21.309,-7.366,41.682,11.764,23.082,1.668,2.235,2.276,4.872,-0.223,-49.400,-24.937,-0.405,-5.412,-442.415,-122.636,1.920,-43.060,85.472,75.694,-1.129,47.544,-135.306,132.601,-13.841,49.291,-75.814,120.921,34.583,39.136,52.910,29.570,23.991,10.893,-4.387,0.931,3.550,0.000,-50.614,-38.004,-8.481,-1.867,-441.551,-163.299,-10.550,-25.379,
3886.536,1970.250,131.091,109.882,569.424,167.776,17.565,26.393,4.489,-1.010,-0.264,0.000,108.680,10.099,0.100,10.317,-583.961,-72.110,6.653,-165.814,-665.944,-4.162,8.038,-311.716,767.853,339.127,2.343,35.035,4332.214,-242.927,61.413,86.607,567.950,4.556,0.616,20.105,0.207,-0.947,-0.396,-0.034,38.862,1.603,0.000,11.053,27.979,11.182,1.857,-18.108,-223.414,-56.382,6.034,-264.546,566.651,-115.223,0.876,-162.717,1958.791,-1309.056,-34.801,-84.835,349.247,-69.688,-4.697,-0.700,9.811,1.409,-0.132,-3.579,10.296,1.100,0.000,1.587,76.730,22.985,0.318,29.903,-112.209,-23.219,2.101,-47.831,525.503,-296.605,2.730,-159.331,444.854,-630.340,-7.777,-173.644,85.404,-73.865,1.419,-55.106,12.419,7.333,2.688,-6.721,10.916,4.429,0.847,-0.913,59.815,11.194,-2.816,10.147,19.062,-14.847,1.389,18.604,614.962,-213.206,6.370,-7.472,434.375,-97.391,0.213,-117.776,-108.915,2.021,3.777,-162.970,42.403,20.030,33.691,-34.145,114.424,3.260,27.664,-2.653,31.984,7.645,-11.390,1.829,47.629,18.839,5.198,18.930,643.761,-55.200,32.417,10.920,460.061,69.006,1.036,5.155,-173.287,35.172,9.092,-146.200,-15.717,63.081,18.464,-85.535,116.436,22.469,11.250,2.513,32.193,23.353,17.325,1.191,115.586,46.255,21.106,8.602,403.996,145.463,89.297,22.097,333.013,383.710,13.314,56.492,-193.011,203.890,17.656,-70.278,-381.203,274.164,29.283,-110.982,176.081,215.303,102.319,-17.420,96.659,30.459,34.051,0.000,257.221,109.268,48.785,-1.114,124.246,292.738,52.649,21.066,
