3622.713,912.085,87.677,562.193,406.498,-10.542,-42.715,101.383,-744.280,-137.015,-41.465,-106.934,9.433,93.453,-91.618,26.054,-670.469,65.928,-234.068,-6.239,-392.580,-68.394,-80.575,-33.418,-78.337,-60.419,-2.895,-19.548,1620.299,121.049,34.282,296.872,-80.236,205.435,48.257,118.018,-749.007,267.644,125.166,-117.355,85.457,154.117,-30.692,22.628,-90.067,369.310,-208.600,57.816,-68.393,-26.903,-54.108,41.354,-104.331,-132.774,24.588,-89.606,744.132,136.063,9.986,88.478,86.293,357.997,27.084,129.000,-224.876,372.719,196.652,-61.775,277.454,-25.473,-155.045,-2.120,-120.643,-71.269,-187.336,46.933,178.256,-148.518,-7.008,142.181,-316.545,-99.045,28.678,-153.403,481.194,423.701,-103.705,13.694,244.380,119.463,-281.323,173.178,115.686,40.678,-0.448,22.537,325.974,-90.780,-135.942,-56.023,30.888,131.614,-43.042,9.648,199.930,190.814,30.013,150.692,-508.412,47.376,-45.281,54.145,669.191,329.621,-398.338,-11.802,81.258,169.794,-273.380,177.405,30.867,110.257,-115.314,111.337,288.025,-52.277,-58.847,-37.488,399.368,105.308,0.522,48.063,272.368,188.611,-8.416,82.386,-280.397,204.192,-59.233,127.240,456.456,36.177,-316.895,-5.921,-25.308,-40.163,-227.147,74.334,296.409,8.815,-67.261,88.047,104.892,22.830,-20.369,77.861,98.292,91.474,-96.861,134.507,-72.661,191.273,-40.074,33.191,-181.644,108.220,0.952,53.699,-20.766,216.020,-218.339,-117.791,58.193,458.923,-166.656,67.589,323.759,198.602,123.428,100.938,269.554,220.921,21.281,130.406,-127.452,85.972,-61.408,-75.668,-219.013,-68.513,-213.276,-104.413,-42.744,-200.887,-187.336,22.668,
912.085,572.650,19.751,188.449,-420.667,7.362,-30.816,-14.693,-178.770,-64.158,-8.834,-30.901,252.226,14.235,-26.146,27.187,-142.524,-52.056,-83.252,-11.674,-130.188,-86.953,-30.861,-43.562,-15.361,-32.611,-1.065,-24.135,659.537,152.478,4.035,159.847,-235.574,82.240,-21.634,31.487,-227.205,-56.694,-9.034,-38.019,102.953,-18.330,-32.260,8.444,-1.877,111.450,-72.729,11.116,-40.345,-43.832,-22.991,-53.284,-58.245,-19.801,6.594,-119.293,358.884,37.112,-99.700,79.455,-2.037,122.204,-77.294,59.821,-134.078,109.378,64.556,-38.132,13.603,25.049,-27.800,4.433,-32.416,88.330,-49.367,44.991,71.751,30.981,1.996,80.580,-175.716,22.048,6.419,-122.761,83.746,64.692,-211.315,11.061,78.441,42.941,-96.283,16.178,-47.153,3.039,-11.771,-37.723,125.031,-24.569,-78.781,-13.969,25.299,9.648,-16.188,2.061,103.580,35.470,30.754,61.682,-295.888,45.518,-9.431,32.728,4.706,130.744,-151.190,-17.950,65.570,111.537,-68.152,59.530,-38.813,59.130,-39.636,18.142,54.047,-10.177,-9.495,-25.270,66.394,-21.249,1.116,1.313,105.419,-23.031,36.865,-11.519,-172.559,42.312,-43.484,58.355,79.437,-21.187,-65.108,-72.517,71.897,-17.675,-96.658,38.172,40.760,-12.238,-15.152,9.625,-97.647,4.257,13.464,-33.664,-58.606,-4.008,-18.821,11.777,11.692,31.969,15.364,3.514,-95.098,58.562,-6.372,16.430,150.970,57.863,-57.071,-102.847,126.494,97.132,-28.094,32.379,84.976,32.084,65.891,0.471,-59.841,6.052,8.633,-25.918,-66.471,-54.405,-2.029,-65.323,-50.172,-134.677,-57.882,-33.349,-154.967,-81.196,-80.024,-37.809,
87.677,19.751,15.561,12.996,9.427,-6.276,7.782,1.506,-33.764,-0.678,-1.789,-4.026,2.988,5.405,-2.213,1.371,10.531,-8.531,-6.796,0.963,-8.606,-18.842,-3.026,-4.340,-3.818,-6.043,-0.302,-4.027,47.987,-0.303,2.539,4.060,-0.497,7.835,2.761,1.170,-29.851,22.897,6.266,-3.748,-0.370,16.318,-3.015,1.925,11.453,4.233,-9.689,9.491,-3.852,-14.070,-3.467,3.982,-16.671,-13.010,-1.256,-15.080,21.697,1.532,4.082,1.722,1.142,9.912,2.879,2.985,-3.191,18.446,3.648,-0.703,22.892,6.946,-10.508,1.215,14.662,5.328,-5.546,5.512,6.331,0.934,-1.639,20.383,-38.578,-4.318,-1.260,-3.118,22.684,11.347,0.810,-0.222,6.330,-0.498,-8.081,10.942,-3.005,2.300,-8.418,8.640,23.502,-0.466,-0.867,-1.804,12.235,-0.527,0.030,-0.229,7.263,2.062,-0.297,6.001,-28.147,1.814,-2.392,10.281,29.798,7.354,-14.281,1.913,-2.056,-2.065,-15.324,10.242,-3.020,1.738,-7.103,11.853,17.144,0.734,2.462,-3.221,11.889,9.552,-3.231,-1.004,4.707,14.134,-4.192,0.464,-6.722,1.522,-5.411,2.453,11.744,-3.980,-19.138,7.456,1.722,-6.049,-18.066,4.214,9.760,-1.695,1.461,0.633,0.964,6.527,3.200,-2.085,14.996,7.258,-6.566,2.417,5.916,11.860,-5.291,3.855,-5.179,-3.464,-1.193,4.245,-17.231,-14.750,-14.033,7.306,7.808,32.619,-10.475,11.628,15.665,22.207,12.721,0.399,-0.738,14.981,2.910,-2.109,7.069,-0.991,-4.927,0.008,6.777,6.739,-2.834,1.316,23.617,-5.450,-2.777,8.763,
562.193,188.449,12.996,215.180,-190.841,-38.348,-11.421,56.216,-151.166,-36.853,0.752,-17.454,131.581,13.928,-1.760,17.718,-52.217,-2.525,-46.387,10.169,-78.805,-40.852,-19.594,-6.760,-13.709,-23.024,-0.631,-5.989,275.563,35.174,0.559,143.611,-114.316,38.930,6.702,84.204,-152.449,23.421,33.282,-15.052,29.401,27.839,-19.989,4.898,0.252,43.102,-53.431,20.530,2.704,-68.006,-14.722,-5.510,-33.240,-62.613,2.310,-67.281,108.151,10.349,-15.011,38.770,1.079,50.033,-8.105,52.961,-54.970,53.164,27.996,-9.575,38.376,5.752,-41.486,1.158,-1.723,19.437,-35.617,23.911,90.317,-8.373,0.639,36.867,-115.042,-37.262,4.384,-95.095,41.399,35.409,-20.052,2.267,35.769,27.880,-20.356,36.478,-2.128,2.309,-16.462,22.989,60.902,-8.991,-40.900,-5.631,20.285,19.714,-1.189,2.148,106.661,25.303,21.477,27.297,-215.629,2.834,-1.039,15.612,61.391,30.390,-41.563,-7.124,15.780,14.108,-20.096,20.741,-11.778,30.318,-25.045,27.701,70.047,9.240,-17.899,5.060,92.109,63.730,1.342,11.502,92.498,24.469,5.403,1.445,-152.478,17.828,-31.050,53.262,57.106,-19.618,-25.290,-19.187,-12.211,-28.171,-20.158,5.812,34.053,4.706,1.617,5.561,28.653,38.855,1.017,28.889,12.750,57.344,-23.361,29.640,-20.008,35.603,-4.266,2.254,-93.163,28.309,-14.903,42.024,96.765,-3.385,-14.086,-20.463,18.091,17.190,19.008,16.027,34.359,-4.223,39.375,-0.706,14.112,18.393,1.959,6.248,-65.752,34.241,-12.430,-7.687,-56.846,-69.290,-38.440,-35.510,-89.517,-104.770,-58.050,27.993,
406.498,-420.667,9.427,-190.841,4169.862,394.970,113.641,276.372,819.542,69.704,-8.146,70.518,-1510.183,-105.902,-66.307,-101.291,-260.352,-1.870,43.154,-72.940,-16.669,142.772,19.508,11.913,-16.911,105.652,6.893,64.196,-764.907,-460.632,1.114,-459.312,1562.218,-309.808,2.427,-72.999,425.939,238.217,-73.510,57.672,-170.884,62.130,36.769,-20.772,195.978,-120.181,96.882,-63.258,-141.612,369.995,7.187,-167.309,79.517,200.493,8.523,291.198,-683.414,-88.512,244.879,-311.919,286.057,-215.065,180.432,-139.673,199.226,128.394,-96.402,81.135,137.480,159.836,76.454,11.985,224.131,-27.634,92.501,-60.933,-431.914,108.783,-21.119,-157.861,229.308,71.557,16.410,421.051,-95.789,235.024,580.928,-72.794,-19.184,78.068,69.604,9.829,106.415,58.999,-105.551,99.712,94.931,17.625,152.996,-34.297,162.770,-15.956,62.306,-18.538,-433.101,56.831,-45.046,8.735,591.236,21.710,49.290,114.079,478.220,7.019,125.015,-55.643,-207.838,-159.143,-109.066,-107.957,7.604,-60.172,-50.149,24.227,145.464,-44.760,13.401,17.907,192.129,-227.814,6.307,-37.949,-83.124,174.866,-33.885,98.868,525.024,184.557,253.091,-29.312,252.370,223.921,-152.085,161.595,-399.681,84.099,52.157,-75.565,85.625,126.041,81.733,39.841,223.989,-37.175,-65.720,115.272,233.852,-189.148,-114.919,43.777,41.515,-11.238,-50.941,123.849,238.790,-13.000,221.366,-197.742,-617.439,1.792,-155.938,296.940,-286.395,277.073,-48.756,-39.280,81.101,139.843,33.564,74.948,113.795,64.117,-12.701,26.511,39.919,-252.100,-138.678,46.110,-36.206,245.746,-79.399,154.985,224.494,-39.731,213.428,5.370,
-10.542,7.362,-6.276,-38.348,394.970,211.672,0.888,46.366,99.728,61.272,-1.457,26.328,-61.784,-3.454,13.265,4.721,40.688,8.216,16.254,-1.790,30.113,25.621,4.191,14.540,6.826,13.543,0.822,14.920,-125.885,-63.395,2.664,-81.648,170.214,-29.789,-15.007,0.636,71.110,-16.760,-43.658,30.966,38.239,-70.990,-36.488,0.470,29.369,-67.167,-11.753,-15.487,-32.616,47.216,1.384,-29.582,14.934,49.679,-3.464,58.639,-98.905,-38.512,16.935,-60.250,35.137,-78.680,-31.164,-24.583,2.174,-69.936,-77.531,13.486,-13.788,-31.065,-22.099,-0.966,11.965,1.399,3.885,-10.184,-77.792,34.753,-5.404,-10.958,41.478,33.743,-2.060,86.268,-28.529,-26.266,-9.716,-20.517,-23.143,-13.469,2.488,-26.538,-76.649,-0.282,-28.840,-7.321,-1.368,-10.259,-20.990,2.625,31.052,-12.013,-4.911,-2.502,-68.420,19.474,-2.865,-10.839,81.113,8.864,1.882,9.728,-34.520,2.468,-3.298,-16.774,-2.971,0.112,14.765,-32.350,-68.000,-18.037,-10.024,-26.749,-8.180,-15.451,-17.644,8.968,21.060,-72.733,-12.284,-4.814,-9.341,-26.655,-7.943,-15.253,82.394,-43.827,10.608,-30.401,-13.267,21.320,19.635,-9.234,-2.823,21.300,31.445,-8.166,-40.828,-3.511,32.240,-12.206,-53.367,-9.265,-10.851,5.669,-10.448,-57.461,-19.769,13.937,-10.491,-21.566,-8.045,14.442,34.851,-28.843,26.075,-50.434,-12.890,42.387,-8.453,11.412,-1.208,3.446,8.969,-11.625,-16.729,-14.685,-0.553,-5.161,-71.170,-36.078,-1.565,-26.069,-20.320,-80.581,-19.085,-12.619,-47.394,15.474,-34.244,32.778,-37.794,63.580,37.202,-36.086,
-42.715,-30.816,7.782,-11.421,113.641,0.888,33.496,-1.751,80.805,13.424,15.801,3.615,-38.663,2.283,3.124,-5.364,23.131,6.940,7.886,-4.505,2.567,-0.734,0.147,1.903,-2.130,-0.878,-0.219,4.633,-39.937,-19.031,0.797,-20.185,58.073,-14.901,10.145,-15.593,28.210,18.027,7.661,-0.446,-0.787,10.461,4.752,0.820,13.797,-5.705,3.933,0.996,-3.191,0.893,-0.684,2.809,1.168,-6.018,-0.239,4.070,-23.605,-2.444,16.583,-13.679,16.535,-11.022,11.083,-12.575,13.706,5.604,-2.000,-1.668,20.246,6.218,3.421,1.774,14.352,-1.022,0.421,-1.640,-10.421,1.514,-2.722,1.948,-0.199,0.357,-1.685,12.683,14.571,10.991,23.344,-2.050,17.169,-5.422,-4.743,1.376,11.954,-0.942,-3.966,-2.500,19.381,1.035,8.184,-2.070,8.363,-0.090,3.732,0.213,-17.784,2.829,-0.396,0.864,9.325,0.420,5.947,5.009,39.028,-9.763,-0.167,1.800,17.444,-13.374,-9.691,5.576,4.275,-6.681,-0.103,4.391,15.510,0.725,10.944,-5.963,10.118,8.960,9.690,-0.744,-10.054,18.413,-5.600,11.123,4.407,-1.481,12.516,0.011,3.970,-3.594,-6.078,13.565,-1.688,-3.897,-8.035,2.059,3.445,-1.798,-1.716,3.229,17.522,-4.810,5.051,-0.996,12.670,-0.605,-4.788,6.879,0.401,-3.934,-7.845,7.016,12.816,-8.999,0.509,6.027,-30.107,-12.164,-5.705,24.165,-10.940,14.055,-0.076,1.990,-13.580,16.908,5.836,6.655,9.229,10.104,2.015,8.159,-16.096,1.447,0.927,13.616,-17.771,0.427,15.870,8.202,27.861,-14.736,-0.103,10.734,
101.383,-14.693,1.506,56.216,276.372,46.366,-1.751,161.923,-51.504,-10.539,-2.916,37.753,-120.005,-3.531,-1.961,3.345,8.158,0.179,-7.749,11.923,23.697,4.348,-4.626,10.172,-4.792,-0.339,0.494,5.264,-98.894,-59.352,-1.499,-25.872,116.884,-30.796,-5.260,77.136,-3.413,9.486,-3.541,39.571,-34.037,0.119,-16.369,-1.323,34.873,-55.668,-18.301,-1.123,-19.515,-10.788,-3.491,-32.034,-10.954,-7.516,-2.736,8.572,-113.438,-23.238,31.457,-44.987,-16.073,-36.819,13.530,-2.712,-10.717,-16.694,-40.133,17.834,-34.633,-1.295,-14.885,-1.574,25.256,24.337,12.713,3.946,-47.270,50.980,-1.114,9.305,-47.007,-1.003,1.492,38.252,-49.221,2.995,81.311,-14.794,-44.888,17.959,38.083,-5.489,-49.179,4.537,-28.727,20.649,-17.872,1.508,-6.487,3.282,36.177,-0.251,6.289,0.950,-12.851,11.563,3.017,14.568,-5.701,7.158,1.207,39.783,7.139,-6.451,41.875,-8.806,-53.981,-27.414,28.404,-25.645,-43.779,-2.830,8.579,6.848,30.298,6.438,-10.895,18.199,66.566,12.604,-13.948,2.720,22.691,27.399,-10.347,7.717,46.368,1.856,-8.488,-10.647,-3.176,22.507,5.144,13.348,-65.093,6.746,43.139,-13.783,-17.238,17.539,31.032,-2.571,37.117,13.272,-12.143,19.472,51.213,3.721,-25.051,20.657,-25.729,23.961,-14.021,36.807,0.199,-9.184,6.661,-21.939,-7.235,-25.082,4.667,17.800,-43.526,-28.396,11.978,-9.734,-17.534,-26.527,-2.398,-9.151,-30.935,-15.152,-0.230,-19.984,-42.160,-36.305,-19.929,8.313,-51.470,9.549,-53.775,22.639,31.272,-7.168,17.206,35.163,
-744.280,-178.770,-33.764,-151.166,819.542,99.728,80.805,-51.504,2137.304,215.630,124.515,107.063,-162.618,51.489,-70.936,-21.592,-1154.161,66.662,8.319,-151.713,55.323,203.606,107.115,-10.883,156.712,137.565,9.090,82.677,-517.697,61.537,-25.244,-60.023,0.940,-173.272,-43.307,-167.901,1113.025,-329.574,-136.833,36.722,23.878,-110.857,-97.500,-24.059,-218.391,-88.029,149.457,-107.288,116.324,18.807,55.291,-243.455,301.014,120.323,-7.783,11.479,-184.525,47.706,-96.725,38.635,-208.589,-144.539,-91.511,-136.463,347.041,-317.909,-251.609,-8.784,-284.013,-29.305,-37.917,-15.208,-91.356,16.727,75.175,-34.259,33.277,87.492,2.834,-278.162,287.182,101.871,-12.387,-107.258,-132.415,5.777,-112.609,59.417,-56.524,13.025,-3.640,-118.549,76.924,-86.628,-148.472,-123.245,-287.321,-5.592,-116.563,22.127,-12.494,-21.155,75.390,-3.030,-25.868,-37.437,13.084,-63.289,90.880,31.734,26.431,-45.172,-183.920,-43.655,-31.402,-7.880,174.673,19.274,53.746,-72.399,-67.702,-8.120,-77.442,-123.358,-120.274,15.849,-120.717,25.692,-6.975,-187.450,-8.333,4.470,-25.421,-234.426,59.114,-45.532,56.059,-53.393,103.064,-80.920,-237.650,110.968,2.605,-73.742,202.603,98.738,-10.880,-27.060,-67.305,-24.659,-111.629,-17.841,-134.736,-14.863,-82.180,1.305,-67.041,-84.465,8.209,25.182,-65.084,-152.298,34.904,-15.037,75.336,-146.116,74.986,-168.555,-243.933,23.006,-12.718,-194.802,68.127,-87.362,-141.796,-84.064,-50.243,13.111,-158.838,9.630,-64.002,12.328,-30.329,-65.287,-52.556,-77.663,-45.338,-28.801,-102.103,78.691,-34.123,85.868,74.511,37.322,62.584,-93.237,
-137.015,-64.158,-0.678,-36.853,69.704,61.272,13.424,-10.539,215.630,168.764,31.264,26.434,-104.260,83.362,24.912,0.806,-38.820,63.421,20.329,6.732,60.312,49.708,21.337,34.494,27.228,17.769,1.562,18.249,-166.871,-24.361,13.799,-43.810,-60.372,9.944,33.558,-43.215,169.319,69.121,4.298,17.792,-13.071,8.928,-51.135,7.408,-1.108,-96.219,0.350,10.097,40.027,-67.765,6.012,15.777,51.936,-14.585,-6.697,17.918,-42.603,18.660,77.823,-24.659,-61.494,-38.745,33.925,-30.903,97.520,-129.060,-95.985,13.513,33.217,-56.909,-46.471,-0.809,39.740,-63.688,4.506,-1.900,8.599,-35.228,-4.088,-13.947,33.915,-9.714,-10.475,6.167,132.522,4.632,29.302,8.378,-17.032,-35.136,-11.175,1.536,9.929,-21.829,-31.140,13.168,-38.867,0.916,-10.106,10.097,49.252,10.957,9.129,8.427,-21.495,-1.967,-1.673,-6.258,21.145,-4.796,-1.637,-3.202,112.726,-19.640,-64.899,31.557,-2.929,-23.116,-6.551,-28.282,-34.909,-21.611,-7.915,-26.824,-18.894,-0.946,-20.454,22.260,41.745,-25.790,-31.784,19.059,0.262,-43.146,-13.271,-15.027,44.144,-60.612,9.224,-36.838,-111.546,18.358,-44.341,68.299,-5.323,38.127,-1.147,0.270,-47.149,-0.812,-3.056,-8.101,-51.450,1.108,-16.818,14.918,-24.430,-17.724,-18.046,23.225,-18.795,10.790,-22.426,-1.374,38.018,-35.083,9.985,-14.930,-204.697,-149.501,-36.255,-27.486,-12.307,-42.225,-59.581,2.604,-15.173,3.801,-23.041,-2.584,-83.660,-12.168,-1.564,-20.214,-68.576,-65.431,-23.554,-4.346,-25.832,22.325,-37.539,33.255,86.572,56.406,23.514,6.306,
-41.465,-8.834,-1.789,0.752,-8.146,-1.457,15.801,-2.916,124.515,31.264,44.365,1.998,40.913,44.787,43.013,3.557,-81.684,79.162,1.674,10.721,-8.463,55.562,-4.584,30.571,13.630,9.452,-0.050,18.869,-23.699,8.054,5.528,1.001,-22.332,18.604,21.109,-7.623,52.518,30.007,35.912,-4.227,-5.274,7.703,11.634,1.491,-44.624,-14.615,-11.684,4.779,19.501,-36.692,-7.079,23.726,55.471,-15.684,-0.827,15.689,2.003,8.382,31.402,-2.485,-10.550,-7.315,14.416,-2.621,33.870,-52.954,-17.674,-2.653,11.551,-42.093,-18.267,-5.584,-15.610,-51.662,-22.704,-3.327,34.440,-50.398,-4.852,-15.364,61.613,-26.222,-0.261,-30.370,56.618,-11.534,7.701,1.283,25.252,-25.094,-21.603,3.614,26.288,-20.753,-15.729,-2.910,-29.895,-7.298,-22.827,-0.011,-14.087,24.767,6.341,2.265,12.110,30.618,13.922,0.721,-23.123,12.123,5.314,-10.836,53.109,-16.701,-28.896,6.391,26.007,-12.341,-12.025,-4.422,14.985,-6.102,-13.091,-3.164,12.976,-1.547,-9.855,6.443,37.066,13.276,21.984,8.990,21.603,-5.008,5.093,8.468,-43.183,-17.167,-3.741,5.210,3.961,-0.291,-2.513,8.513,31.506,-8.471,1.470,2.253,5.991,-14.150,-14.057,3.962,37.817,-11.460,-5.194,13.335,21.583,0.191,-3.431,17.342,14.731,-21.416,4.737,-2.650,-1.532,-33.051,-10.127,20.703,5.707,-5.844,4.890,5.881,11.633,-34.065,4.298,0.414,-9.247,-24.004,-6.628,4.459,30.994,-3.498,-3.311,13.686,-28.741,19.003,1.950,3.867,-42.613,-27.959,8.986,-6.084,9.022,-29.950,-11.736,13.291,
-106.934,-30.901,-4.026,-17.454,70.518,26.328,3.615,37.753,107.063,26.434,1.998,49.134,-93.164,-1.263,-12.047,4.214,-35.417,-2.009,8.675,-6.161,41.625,-1.640,8.654,0.594,3.103,-3.230,0.289,-3.870,-111.613,-13.185,-1.374,-24.037,-7.746,-26.249,-5.397,-1.461,86.690,-35.596,-23.656,32.337,-23.329,-14.767,-16.427,3.624,1.615,-34.610,5.271,-10.020,-1.621,13.039,8.645,-26.306,-13.285,25.024,-1.128,-1.094,-74.779,-7.219,-0.360,-17.195,-47.427,-22.664,4.995,-20.644,6.369,-40.673,-35.165,5.640,-48.198,-10.181,-19.625,-0.571,5.706,25.182,11.307,-3.542,-31.452,62.833,1.548,-16.546,-15.038,36.669,-1.347,31.146,-41.819,-15.578,15.350,-6.467,-32.710,9.886,37.014,-19.709,-36.205,1.067,-12.886,-6.953,-29.863,3.634,-15.939,6.283,24.374,-3.037,4.961,4.912,-31.482,-6.088,-4.762,-2.214,29.338,-5.817,-4.325,19.291,-26.548,-15.028,30.912,-7.569,3.379,-12.143,32.176,-17.694,-35.772,-3.978,10.986,-14.825,-7.056,11.262,-7.047,9.997,10.721,-6.188,-14.287,5.908,-20.802,-8.514,-8.588,-4.918,54.366,-12.237,-1.791,-15.587,-17.543,3.967,11.610,-2.146,-6.934,2.799,26.577,-8.514,-37.251,-2.620,21.258,-8.145,-31.392,8.721,-7.067,-2.826,-18.924,-2.035,-7.620,4.992,-26.776,9.411,-11.792,8.650,24.144,-5.550,2.249,-31.330,-27.929,-4.719,2.146,5.650,-24.503,-20.150,4.593,-12.765,-35.824,-21.183,-10.966,-7.063,-62.689,-13.288,-1.716,-18.476,-38.566,-25.940,-10.293,0.975,-32.376,18.591,-29.213,25.475,-6.328,25.647,19.990,-18.463,
9.433,252.226,2.988,131.581,-1510.183,-61.784,-38.663,-120.005,-162.618,-104.260,40.913,-93.164,2965.031,185.269,175.685,164.051,-258.223,209.155,-240.121,59.141,-779.987,27.549,-120.499,6.796,6.909,-33.081,-2.260,4.731,728.462,249.042,0.081,269.247,-611.507,220.561,26.785,50.541,-346.304,-67.884,150.597,-91.623,629.862,-131.302,13.518,44.505,-440.722,481.371,-251.824,113.597,-51.775,-256.966,-104.664,228.129,96.781,-257.904,-9.103,-196.277,613.959,68.894,-142.351,194.679,-10.563,160.275,-134.964,107.415,-33.291,-119.423,107.615,-86.381,267.583,-303.519,-237.878,-39.391,-571.168,-104.985,-390.112,29.873,358.329,-239.554,-37.659,176.791,-3.001,-162.853,3.664,-376.595,241.006,-88.545,-433.719,34.000,72.233,-124.905,-285.829,26.785,185.314,-120.715,99.139,-101.639,7.084,-133.790,-369.192,-38.931,-460.553,41.110,-208.555,-3.899,396.035,127.410,98.846,43.116,-524.845,47.681,18.990,-75.077,-39.641,23.385,-301.656,19.407,164.857,152.480,-49.033,97.156,82.843,-17.390,-46.237,-15.246,-90.921,-90.464,-204.900,-44.373,-125.560,65.744,149.755,2.489,210.427,-134.015,152.650,43.271,-665.225,-148.215,-190.784,137.329,-31.234,-6.162,66.095,-88.864,375.780,-42.962,-26.618,71.623,95.128,-103.359,-210.289,11.480,141.653,-51.572,-69.042,-28.137,71.262,44.974,109.311,0.774,75.476,-148.969,120.432,-77.433,-179.830,-163.498,-194.084,276.199,303.666,82.193,64.890,-305.863,195.353,-164.077,-89.128,58.906,80.111,-142.896,-75.319,-40.420,265.833,-156.773,-23.311,-11.656,97.575,274.295,73.399,-2.264,-57.547,-216.424,187.611,-188.715,172.344,-196.459,-191.230,206.260,
93.453,14.235,5.405,13.928,-105.902,-3.454,2.283,-3.531,51.489,83.362,44.787,-1.263,185.269,243.087,65.654,32.743,-279.913,314.990,-38.368,39.312,-46.324,195.990,-11.767,85.276,36.442,42.144,-0.154,55.213,69.843,40.495,19.944,25.721,-169.711,109.191,59.870,4.533,-60.051,164.790,118.110,-13.210,-5.820,85.881,-9.987,9.737,-145.488,13.625,-85.498,22.784,37.627,-114.406,-22.299,111.026,160.385,-30.211,-3.001,80.335,114.287,49.359,114.748,6.025,-85.991,39.785,66.006,-0.544,74.444,-136.354,-53.394,6.525,110.129,-183.755,-119.013,-17.219,-46.721,-197.926,-101.141,-9.653,54.905,-197.833,-14.751,-27.004,170.169,-71.737,-5.757,-30.508,287.192,10.443,43.127,6.528,14.121,-72.704,-94.930,31.480,88.307,-55.094,-60.363,24.075,-31.818,-27.193,-93.468,3.398,-5.455,62.999,4.994,13.770,14.322,66.930,14.330,28.246,-2.391,-3.000,-4.053,-4.426,277.656,-33.085,-128.665,29.228,-6.119,-25.780,-56.332,-4.026,9.184,-9.089,-48.453,5.159,27.181,-8.063,-49.014,41.774,129.756,16.652,15.529,39.846,55.454,-17.580,-8.571,41.995,-17.757,-29.260,-13.733,-0.284,-8.267,12.795,-72.564,72.056,39.704,-9.559,-7.706,10.902,-9.007,-22.621,-46.358,12.526,54.803,-9.597,-23.263,53.010,25.894,-3.712,-21.767,57.698,14.622,10.888,-29.705,16.606,41.633,-62.033,-17.693,-12.889,-157.610,-99.362,-54.708,-21.856,-30.813,-8.929,-67.232,12.778,-19.505,-10.582,-17.514,6.449,19.477,0.098,-4.660,15.287,-67.458,35.279,-36.740,2.448,-38.373,28.030,-44.977,-10.293,176.811,46.218,-25.413,37.832,
-91.618,-26.146,-2.213,-1.760,-66.307,13.265,3.124,-1.961,-70.936,24.912,43.013,-12.047,175.685,65.654,192.070,11.814,30.698,172.442,87.553,49.205,-67.401,128.666,-21.559,76.555,22.848,22.022,1.097,46.090,-21.664,-4.413,9.386,3.171,-22.651,50.654,28.146,10.950,-58.415,106.563,86.404,-6.973,40.942,-17.684,73.863,8.578,-87.378,-52.339,-39.202,20.090,4.441,-103.263,-30.890,70.305,115.020,-51.324,-2.774,46.397,-3.809,11.785,75.222,-6.767,-0.057,-2.487,40.608,19.675,60.506,-93.393,-15.067,3.273,89.206,-117.287,-27.181,-13.209,-68.789,-109.494,-83.150,-6.011,45.878,-116.532,-18.574,-1.970,129.822,-72.591,-1.175,-62.533,110.001,-43.103,33.040,-5.850,51.747,-60.333,-22.830,24.441,49.144,-10.818,2.213,24.037,-71.923,-16.830,-40.560,-4.149,-80.815,54.040,-21.140,1.637,32.428,70.364,21.423,9.050,-22.033,15.295,6.905,-36.354,105.722,-56.645,-52.665,8.606,12.994,-43.436,-4.241,-29.014,3.881,-23.290,-18.757,-8.171,-26.047,4.689,-52.408,22.741,52.607,46.310,34.798,15.284,55.823,-0.101,-2.204,35.638,-76.532,-51.905,-21.224,3.270,24.590,-13.429,25.692,20.866,46.984,-23.912,57.255,-9.348,-11.860,-3.005,-30.134,6.790,85.692,2.271,-22.605,40.527,43.430,12.203,-0.598,36.490,28.220,-48.699,-2.470,0.603,-26.266,-79.331,-24.559,48.223,23.027,-34.175,39.352,-10.106,10.928,-137.171,19.678,12.358,-3.708,-72.333,-38.440,4.251,74.297,-13.203,-13.539,24.661,-17.688,80.611,17.296,16.461,-35.744,-31.068,46.056,-28.978,95.522,-22.436,-40.697,85.223,
26.054,27.187,1.371,17.718,-101.291,4.721,-5.364,3.345,-21.592,0.806,3.557,4.214,164.051,32.743,11.814,65.014,-112.680,38.854,-29.386,45.433,-55.001,24.149,-10.482,12.005,4.009,-0.878,0.247,2.090,74.314,28.043,5.569,19.866,-72.301,24.787,11.724,4.077,-57.887,1.180,28.170,-2.917,24.720,-19.773,-7.909,9.805,-43.816,7.745,-33.063,22.063,-3.093,-41.918,-8.479,28.839,10.226,-18.274,1.215,3.553,78.180,8.330,-0.817,14.505,-28.785,9.563,-4.531,1.970,-13.189,-34.170,3.728,-9.994,27.062,-59.037,-45.159,-6.782,-35.355,-42.255,-42.561,3.995,22.939,-42.749,-5.118,13.197,7.433,-23.519,0.758,-26.628,52.417,-13.369,-37.194,-0.222,7.675,-24.988,-25.791,-0.881,7.049,-12.991,-2.253,-12.552,12.877,-9.880,-43.160,-3.688,-14.810,19.040,-7.740,2.020,22.606,34.847,14.118,6.927,-50.755,4.767,-1.945,-4.565,22.633,-9.334,-35.671,1.711,28.271,10.831,-7.180,6.825,-8.602,5.838,-11.234,-3.805,15.625,-0.183,-14.780,2.014,37.768,18.365,20.459,6.195,38.490,5.815,10.546,-1.973,-67.066,-1.183,-22.891,21.326,5.257,-4.990,2.781,-7.617,37.273,-11.023,-5.406,4.446,-4.532,-1.800,-22.778,-0.766,17.797,10.199,-5.749,2.449,2.930,1.492,-4.992,11.096,12.147,-10.177,-0.203,-7.970,-22.860,-5.920,-19.581,6.940,-4.340,2.858,-9.459,-20.718,7.817,14.696,-27.411,9.169,-6.752,2.289,-3.268,-9.332,-18.092,-2.336,3.011,-7.956,-69.583,9.623,4.535,-9.172,-43.744,-44.685,-11.605,-10.233,-53.222,-20.591,-28.419,-2.677,
-670.469,-142.524,10.531,-52.217,-260.352,40.688,23.131,8.158,-1154.161,-38.820,-81.684,-35.417,-258.223,-279.913,30.698,-112.680,3104.086,-387.559,232.575,29.337,311.809,-447.874,-58.161,-81.289,-147.075,-157.296,-4.122,-129.248,-385.208,-266.520,-6.904,-176.045,526.702,-119.340,-13.190,18.529,-369.926,176.223,-109.052,20.243,-128.814,-44.732,72.580,-26.282,759.810,-351.986,89.584,27.422,-113.546,294.635,-13.827,-25.578,-403.574,59.174,2.915,-97.350,-408.019,-160.343,39.333,-162.786,259.605,-156.470,59.191,5.519,-284.815,273.941,64.980,22.534,143.771,314.328,278.692,60.401,491.873,260.280,228.249,-8.086,-283.565,366.911,4.448,127.104,-293.686,219.540,8.572,332.005,-285.886,-218.789,143.418,-68.828,-6.961,-2.788,250.144,8.895,-318.038,116.693,119.368,113.060,330.446,95.077,395.805,5.453,199.683,-138.123,12.213,-26.164,-269.735,-144.873,-44.183,-73.699,329.062,-33.107,33.877,34.456,-309.254,-40.700,317.489,-12.213,-168.736,-66.112,88.823,-6.761,-59.681,17.528,171.649,107.834,49.068,40.186,257.977,-57.864,-225.676,-36.262,-55.242,-81.910,-172.697,114.512,-56.094,-70.392,400.511,-26.764,33.437,-96.628,12.296,-121.376,164.188,31.617,-314.112,-40.083,63.753,-18.794,-42.349,32.652,289.381,-32.212,-36.031,4.464,119.638,-116.284,22.722,-33.845,-3.604,-153.351,63.987,78.368,-62.572,-10.946,159.663,119.111,24.052,11.461,344.471,-84.704,100.960,298.487,-7.610,66.398,248.899,21.419,47.578,-8.111,138.536,-55.432,-138.959,-219.547,29.985,-123.882,153.845,-188.590,10.850,38.190,199.877,119.584,92.608,22.141,178.389,65.160,45.063,88.764,
65.928,-52.056,-8.531,-2.525,-1.870,8.216,6.940,0.179,66.662,63.421,79.162,-2.009,209.155,314.990,172.442,38.854,-387.559,825.116,56.570,72.130,-24.954,711.925,4.329,233.521,109.106,172.900,4.174,195.882,57.443,40.426,18.955,22.995,-159.926,138.366,76.573,18.384,-134.894,227.275,232.336,-12.469,-68.332,46.533,129.642,-2.951,-253.082,-82.242,-46.466,-77.008,75.413,-79.025,-26.164,156.405,554.205,44.582,10.386,357.719,102.960,47.143,143.365,-7.669,-110.344,50.176,108.680,2.122,111.317,-177.785,18.728,9.757,209.521,-327.225,-93.711,-32.956,-81.205,-495.489,-164.902,-93.448,6.276,-477.430,-35.482,-273.665,793.202,-151.626,4.721,-78.541,331.691,-2.641,98.387,-6.200,89.816,-78.627,-84.937,37.976,195.442,-62.563,-46.945,28.951,-48.260,-38.187,-111.431,3.179,-41.247,137.819,12.630,16.907,-82.157,199.363,32.472,-14.214,275.242,44.455,23.110,-118.124,409.328,-83.951,-104.901,1.300,53.327,-65.770,-63.822,-23.487,86.434,-6.314,-62.351,-9.304,52.043,-3.403,-98.721,67.341,255.958,11.371,36.722,64.489,81.053,21.445,-16.051,94.352,38.869,27.695,27.599,2.320,174.431,-9.630,-21.958,30.996,101.597,-68.507,35.162,-15.213,36.184,-24.683,-64.841,32.741,112.842,-30.094,-66.748,111.140,98.924,-34.573,-68.999,126.434,87.116,-37.807,-56.049,34.067,147.726,-140.021,-0.230,-85.524,27.586,65.478,-9.707,73.479,8.076,-34.837,-3.177,-14.510,-52.416,-51.171,-57.290,35.419,58.094,-14.657,-19.188,36.388,-97.676,23.318,-58.298,46.192,-24.124,60.705,-44.200,17.795,91.383,66.017,-1.502,-38.864,
-234.068,-83.252,-6.796,-46.387,43.154,16.254,7.886,-7.749,8.319,20.329,1.674,8.675,-240.121,-38.368,87.553,-29.386,232.575,56.570,204.436,5.083,154.010,101.766,49.113,47.550,37.748,32.861,4.169,36.613,-145.280,-39.902,-3.086,-30.773,51.049,-36.463,-7.037,-7.206,56.658,21.041,-6.224,11.449,-31.041,-34.673,55.247,-4.867,66.000,-171.461,81.759,-30.782,24.246,-16.068,19.071,-35.278,97.520,19.720,4.542,45.858,-107.665,-20.398,17.628,-16.245,-1.068,-41.865,21.496,-11.580,66.628,-20.437,-13.100,2.751,8.623,-4.348,62.757,2.841,51.839,-20.538,41.622,-20.044,-42.478,2.840,-1.796,-67.509,135.228,11.853,-0.964,-2.828,-44.277,-46.197,42.878,-0.672,37.925,-10.227,61.959,2.469,8.349,31.182,11.319,20.126,-32.106,27.303,61.540,7.379,11.857,5.762,6.126,0.420,-40.277,-7.358,-14.727,-21.673,129.650,0.612,4.093,-44.609,-44.889,-43.728,40.624,-0.978,6.027,-38.352,27.064,-25.214,2.403,-13.429,13.788,-14.521,-34.370,20.467,-0.080,3.614,-22.148,11.143,-17.724,-3.405,-18.105,12.432,-18.304,-1.456,99.995,-15.550,13.442,-37.458,-77.938,-16.346,35.569,18.433,-18.194,-1.745,40.188,-19.126,-26.604,14.167,16.299,-10.416,20.325,-1.123,-7.455,5.382,-7.737,-5.453,-3.481,1.429,2.858,-19.988,-22.958,0.697,47.328,-24.276,19.196,-21.660,-45.690,-78.498,28.897,31.821,6.000,-86.326,38.550,-4.798,-25.575,-13.339,-23.934,9.418,15.158,-9.792,-9.506,8.755,38.967,-8.916,-3.326,47.133,53.222,69.893,35.317,37.700,60.333,58.831,43.525,-8.366,
-6.239,-11.674,0.963,10.169,-72.940,-1.790,-4.505,11.923,-151.713,6.732,10.721,-6.161,59.141,39.312,49.205,45.433,29.337,72.130,5.083,110.431,-20.400,38.155,-12.121,65.920,-1.179,-6.846,0.688,5.655,51.222,-7.983,12.847,2.253,-14.348,23.627,34.138,6.801,-112.687,73.887,65.467,-8.295,-19.382,-10.385,24.491,6.372,-6.511,-90.973,-18.010,39.686,24.766,-107.278,-10.127,96.231,26.787,-56.117,2.450,10.349,64.942,-2.944,49.919,-3.327,10.862,-6.606,35.883,3.612,-0.104,-42.444,13.674,-6.112,87.006,-73.414,-22.618,-8.300,12.313,-109.656,-35.559,0.167,45.390,-106.010,-5.838,28.286,16.327,-65.406,0.145,-25.614,95.684,-42.071,6.635,-2.978,38.907,-58.108,-24.804,17.177,27.079,-10.642,15.018,14.438,42.544,0.942,9.032,-0.504,-6.920,36.717,-0.350,2.827,36.126,48.826,14.560,13.713,-57.545,-0.567,0.506,-9.751,49.963,-42.130,-25.169,9.854,4.039,-18.933,-19.229,8.404,1.762,-9.440,6.822,9.694,48.713,-2.048,14.155,12.478,50.465,39.882,22.235,11.131,42.814,23.581,10.281,5.774,-100.807,-19.313,-25.471,23.975,0.970,-38.409,12.160,18.790,8.810,-30.109,7.046,7.160,-16.966,1.365,12.061,3.499,50.486,10.427,9.632,26.059,22.296,-1.870,2.832,23.605,19.228,-34.309,11.820,-6.215,-46.309,-14.348,-20.922,49.594,22.205,-65.308,9.793,49.274,17.715,-13.274,23.189,21.304,-9.829,-6.181,17.759,-6.859,-3.485,0.120,3.581,11.033,-58.151,-0.283,11.828,15.221,-23.568,-74.743,19.097,-12.279,-43.139,-62.620,-22.169,27.530,
-392.580,-130.188,-8.606,-78.805,-16.669,30.113,2.567,23.697,55.323,60.312,-8.463,41.625,-779.987,-46.324,-67.401,-55.001,311.809,-24.954,154.010,-20.400,726.343,71.729,121.033,37.038,72.358,29.367,3.868,16.951,-324.196,-58.766,-10.351,-81.806,50.056,-68.281,-25.980,-2.034,200.649,-39.205,-57.423,52.496,-256.854,16.526,-49.464,-21.996,200.968,-364.781,138.630,-62.605,162.000,-45.323,89.779,-85.185,58.668,99.711,2.305,89.479,-222.202,-55.208,-20.658,-43.691,-64.630,-122.026,0.618,-38.938,59.139,-56.754,-50.172,22.908,-202.449,101.328,66.526,6.358,306.346,-31.226,216.975,-19.936,-85.351,25.494,44.965,-105.126,92.619,58.357,-5.996,120.609,-185.531,-87.346,64.172,-6.094,-16.556,40.174,149.287,-28.904,-79.215,13.734,-45.136,28.186,-86.012,52.857,133.838,33.959,271.473,-49.673,153.361,1.637,-129.939,-79.626,-19.664,-63.187,216.220,-16.077,11.302,-0.148,-197.961,-35.796,162.763,1.117,-19.463,-61.702,61.534,-37.015,-27.921,-11.983,-9.014,0.709,-43.557,31.993,133.252,18.390,12.600,-107.887,-9.665,-12.998,-91.624,-58.963,-21.876,-77.661,277.415,23.690,87.472,-99.423,-154.544,-3.738,34.875,18.873,-122.440,62.019,-13.884,-13.598,-93.813,40.062,94.225,-23.935,-141.525,-2.197,77.249,-43.506,-66.528,-87.667,-12.283,-58.141,23.261,-22.728,-22.633,-16.355,135.511,76.244,73.502,-147.328,-43.754,-110.423,6.337,101.616,-98.119,32.127,35.579,-30.794,-89.666,56.440,44.636,-5.306,-182.862,-24.913,26.323,-57.290,-1.903,-185.988,-35.895,-16.241,80.644,94.280,-53.372,109.168,-146.172,99.668,144.626,-171.507,
-68.394,-86.953,-18.842,-40.852,142.772,25.621,-0.734,4.348,203.606,49.708,55.562,-1.640,27.549,195.990,128.666,24.149,-447.874,711.925,101.766,38.155,71.729,884.750,68.159,220.759,178.422,295.344,10.601,255.649,-35.706,38.736,6.732,4.247,-101.973,82.649,38.551,26.121,-29.547,110.333,171.773,-1.350,-67.231,-29.448,129.624,-15.324,-220.126,-178.642,70.337,-148.846,75.448,-14.881,13.989,-7.174,731.959,148.173,12.223,495.379,64.430,42.813,74.670,8.625,-90.149,26.049,45.261,8.752,139.833,-153.800,21.561,23.809,135.692,-273.774,-12.192,-28.527,-34.709,-478.519,-76.830,-107.968,-102.467,-478.737,-28.726,-385.760,1033.469,-150.803,9.042,-92.564,207.832,23.344,50.123,17.078,70.743,-37.130,-50.133,16.083,157.383,-23.798,-28.987,30.276,-87.947,-10.064,-57.450,21.578,-21.019,96.907,31.980,15.050,-163.832,164.347,26.094,-44.660,454.977,69.168,55.922,-174.544,238.750,-69.180,-70.168,-9.411,42.424,-39.551,-31.154,-36.205,54.646,22.964,-39.855,-21.184,-9.324,15.882,-95.791,79.695,193.431,-61.834,22.470,52.959,49.373,5.151,-2.307,74.660,132.634,93.835,84.173,-25.061,97.536,-9.391,9.842,-19.272,97.400,-55.911,33.736,-37.817,9.529,2.474,-46.704,13.123,22.914,-17.777,-71.477,80.953,62.225,-68.934,-65.296,94.757,55.672,-28.832,-25.511,21.923,143.418,-63.879,51.600,-167.899,110.616,121.387,13.341,36.514,96.659,-52.804,4.058,-42.401,-93.871,-65.009,-61.183,18.607,-56.273,-36.519,-23.072,-5.346,-97.279,-54.481,-52.887,26.859,-14.956,91.710,-47.365,38.830,-114.467,99.724,21.594,-143.700,
-80.575,-30.861,-3.026,-19.594,19.508,4.191,0.147,-4.626,107.115,21.337,-4.584,8.654,-120.499,-11.767,-21.559,-10.482,-58.161,4.329,49.113,-12.121,121.033,68.159,61.093,11.940,45.428,42.030,4.461,28.573,-62.620,-3.878,-1.875,-11.166,-15.603,-22.948,-8.739,-9.877,97.784,-33.869,-23.046,7.342,-16.349,-28.437,-17.528,-3.962,27.979,-90.618,62.366,-25.983,49.600,-28.791,35.729,-47.349,90.905,13.091,2.204,20.733,-14.392,3.687,-12.695,9.290,-23.649,-29.566,-15.649,-12.284,57.037,-27.830,-13.480,-1.224,-23.465,5.512,24.321,0.774,39.871,-21.267,50.466,-8.882,-7.559,-10.319,8.655,-53.809,82.571,2.675,-1.386,-15.823,-14.004,-7.933,-22.034,20.167,6.571,2.046,16.317,-4.290,0.246,3.148,4.254,-2.721,-25.513,14.121,29.254,7.882,40.095,-10.171,20.809,3.102,-14.836,-20.284,-7.290,-14.196,63.272,-7.190,4.488,-17.240,-61.946,-13.993,0.375,11.419,23.456,-4.891,9.279,0.067,-6.729,-5.392,1.372,-8.133,-28.238,3.604,10.135,0.804,-10.163,-30.287,-9.887,-0.760,-10.483,-24.606,1.858,-13.003,53.232,9.536,21.467,-18.925,-109.860,-0.892,3.240,9.619,-1.618,18.548,-11.887,0.349,-6.608,3.914,2.093,-6.123,-34.236,-9.263,3.371,-8.455,-29.568,-20.626,6.277,-9.678,-8.752,-6.807,3.720,-3.850,24.221,13.551,21.048,-38.377,-66.930,-63.153,-3.466,-11.070,10.103,-8.952,-10.260,-9.762,-6.483,9.005,-3.982,2.500,-21.778,-5.162,-0.128,-8.151,12.842,-33.433,-9.232,11.564,23.387,41.862,-4.677,34.253,-32.961,29.019,46.848,-50.766,
-33.418,-43.562,-4.340,-6.760,11.913,14.540,1.903,10.172,-10.883,34.494,30.571,0.594,6.796,85.276,76.555,12.005,-81.289,233.521,47.550,65.920,37.038,220.759,11.940,127.092,46.829,50.700,3.272,74.429,-14.373,-2.757,11.620,-4.555,-11.197,26.568,36.032,2.509,-43.821,80.470,87.452,-3.558,-16.253,-0.016,47.006,0.281,-45.197,-135.553,2.794,-19.210,46.807,-102.257,-3.119,67.092,200.760,-9.503,5.391,128.178,18.923,3.795,64.870,-6.486,-4.935,-6.832,51.948,-0.248,51.294,-73.096,2.761,1.738,89.477,-104.721,-18.699,-11.091,14.408,-170.195,-36.558,-28.589,9.105,-157.746,-9.507,-91.661,259.158,-66.575,5.797,-30.536,106.561,-21.523,34.474,-0.517,64.831,-42.123,-22.009,17.804,74.787,-23.112,-2.799,20.705,4.229,-7.797,-0.709,1.146,7.351,49.054,15.121,6.446,-17.109,63.880,12.357,-2.405,77.339,12.991,15.948,-42.363,107.428,-44.147,-34.037,5.194,32.701,-32.534,-25.425,-3.966,37.475,-17.227,-8.485,0.391,39.370,-9.245,-9.951,18.928,98.657,-2.860,8.105,19.699,38.452,-2.852,-4.676,29.687,9.008,-15.264,9.019,-3.142,19.277,-25.138,0.714,19.911,21.913,-26.913,15.373,-0.796,-8.329,-4.020,-0.505,7.080,39.492,-9.918,-12.276,34.084,42.118,-23.267,-19.286,39.026,25.255,-30.809,-13.972,15.550,16.374,-19.630,2.370,2.602,5.798,-37.030,5.228,45.779,13.514,-29.546,17.714,5.970,-27.892,-12.964,-2.302,7.732,-2.656,-2.630,-4.111,9.075,-34.239,-22.953,-11.479,18.497,-3.472,-9.260,-1.953,10.847,-27.933,8.464,2.089,-12.820,
-78.337,-15.361,-3.818,-13.709,-16.911,6.826,-2.130,-4.792,156.712,27.228,13.630,3.103,6.909,36.442,22.848,4.009,-147.075,109.106,37.748,-1.179,72.358,178.422,45.428,46.829,107.366,88.628,6.802,67.869,-38.652,23.961,-1.731,6.994,-49.118,4.498,-4.387,-5.331,74.461,-16.690,10.662,2.505,16.560,-37.051,1.019,-6.409,-19.202,-110.745,31.724,-35.576,66.351,-90.579,17.133,-53.498,227.367,2.874,0.723,44.024,33.348,23.176,-0.799,26.073,-31.826,-17.503,-2.918,-2.752,81.372,-62.033,-24.078,-4.509,9.022,-55.604,-1.151,-8.893,6.409,-68.577,11.556,-16.853,24.699,-68.273,0.403,-79.154,198.422,-27.307,0.212,-64.227,56.297,-2.502,-18.521,30.544,46.347,-17.482,-16.361,2.878,39.288,-17.939,-15.524,-5.109,-52.589,-4.029,-2.394,4.655,7.207,5.748,17.709,0.483,13.857,21.866,3.854,-13.859,56.531,14.147,4.389,-34.856,-0.644,-26.087,-45.831,9.111,56.838,-15.208,-17.219,-2.048,21.409,-3.938,-11.705,-7.667,-38.521,0.537,-8.959,5.702,4.224,-22.824,-4.038,-1.532,28.212,-28.415,3.486,-12.774,20.623,8.659,-4.176,-11.588,-55.434,-16.214,-24.667,-17.310,46.439,-12.983,-17.739,-3.256,10.180,-11.274,-19.819,-5.588,-37.006,-11.287,-8.422,-9.539,-27.394,-14.039,-1.908,-6.776,17.077,-2.143,-12.038,-7.216,31.946,18.742,1.928,-53.526,-18.239,-36.953,-14.652,-30.083,68.589,-8.836,-26.307,-8.047,12.820,-9.857,-8.772,-5.058,-39.789,-19.416,-2.888,-16.926,-16.798,-16.274,-19.258,3.206,12.682,52.648,-22.086,16.359,-46.978,21.742,25.482,-55.266,
-60.419,-32.611,-6.043,-23.024,105.652,13.543,-0.878,-0.339,137.565,17.769,9.452,-3.230,-33.081,42.144,22.022,-0.878,-157.296,172.900,32.861,-6.846,29.367,295.344,42.030,50.700,88.628,149.000,6.906,97.456,-68.139,9.943,-3.046,-12.224,-21.369,13.726,-6.043,6.141,41.733,-6.159,16.154,1.372,-9.491,-40.943,21.413,-11.806,-48.189,-94.415,45.002,-56.169,12.591,10.635,15.072,-74.461,295.650,92.828,0.909,164.228,2.209,18.854,-4.796,9.970,-26.913,-7.600,-16.204,-1.676,66.800,-50.541,-23.300,11.133,18.507,-71.807,5.583,-7.661,0.872,-115.352,7.015,-31.106,-64.707,-122.622,-7.611,-139.889,379.807,-35.646,2.707,-52.657,37.161,12.961,-10.715,23.156,-3.852,-6.719,-6.993,-7.696,22.706,-0.635,-15.824,6.691,-36.169,6.237,-3.661,14.248,-5.841,11.920,12.380,1.230,-66.331,38.898,2.646,-19.202,183.624,27.620,25.907,-72.330,15.839,-19.000,-19.211,0.283,19.680,-6.046,0.157,-12.228,1.069,14.739,-7.637,-13.452,-26.098,10.824,-31.804,24.433,26.454,-35.313,-6.561,8.443,8.689,-2.830,-0.839,11.343,66.833,32.867,35.567,-22.652,-3.011,-4.031,1.522,-27.787,43.817,-19.248,-0.719,-12.535,8.391,-0.828,-10.456,-4.878,-23.439,-6.719,-21.911,7.243,-11.398,-21.293,-15.828,13.774,6.057,9.941,-11.746,5.081,54.446,-8.844,27.820,-77.648,55.972,37.593,3.265,-8.985,87.920,0.415,-9.772,-20.078,-14.881,-21.667,-18.265,-3.669,-51.937,-19.193,-7.376,-15.161,-31.561,-17.900,-24.985,-1.324,1.326,83.204,-35.102,12.317,-34.033,62.385,15.567,-64.556,
-2.895,-1.065,-0.302,-0.631,6.893,0.822,-0.219,0.494,9.090,1.562,-0.050,0.289,-2.260,-0.154,1.097,0.247,-4.122,4.174,4.169,0.688,3.868,10.601,4.461,3.272,6.802,6.906,1.359,4.865,-2.736,-0.345,-0.321,-0.912,0.527,-0.773,-0.939,-1.225,5.315,-1.206,0.411,-0.188,4.267,-3.036,1.450,0.095,2.689,-10.532,3.732,-2.209,2.939,-7.269,2.151,-4.533,18.541,-0.676,1.034,1.764,1.568,1.502,-1.835,1.437,-1.506,-1.729,-2.256,-0.907,4.883,-3.304,-0.572,-0.856,4.512,-3.231,1.987,-0.574,3.955,-4.653,2.132,-1.084,-0.608,-4.718,-0.099,-5.452,16.863,-2.249,0.005,-5.118,1.499,-0.231,-4.188,2.939,1.440,-0.369,-0.719,-0.281,1.845,-0.567,0.313,0.037,0.305,0.029,2.644,-0.014,1.485,-1.998,-0.152,0.109,0.207,-0.916,1.090,-1.479,5.724,2.631,0.858,-2.848,-2.900,-0.611,-1.846,0.883,4.230,0.178,-0.624,0.542,0.293,-0.438,0.320,-0.320,-3.706,-0.249,-0.579,0.159,-1.276,-4.273,-2.798,0.192,4.627,-4.162,2.837,-1.729,3.994,0.544,1.380,-1.833,-2.957,-2.558,-0.969,-1.931,2.105,-1.519,-1.801,0.052,0.456,0.583,-1.449,-0.029,-5.031,-0.145,-1.429,-0.151,-3.739,-2.373,0.153,-1.044,4.160,-0.765,-0.410,0.162,4.135,-1.441,1.363,-4.315,2.579,-0.971,-0.921,-0.440,8.582,1.564,-0.745,-0.219,0.515,2.533,-0.342,-0.448,-5.673,0.394,-0.431,-1.872,-2.128,-4.917,-1.470,-0.524,3.054,3.616,-3.375,3.050,-0.161,3.971,1.636,-3.506,
