783.622,361.518,61.610,68.086,-13.156,-0.927,-21.835,-0.311,-208.072,-145.268,-164.905,-33.637,27.258,-242.324,-142.201,-122.661,237.070,-47.076,-13.939,-103.653,138.066,47.119,-4.370,15.796,90.193,84.423,4.625,28.776,1068.049,-29.878,55.261,1.094,-55.730,22.026,-1.678,3.640,-225.346,2.431,-64.235,-1.254,-60.920,-67.785,-76.274,-1.829,39.376,-50.173,-45.538,-11.376,12.410,-145.043,-24.528,-45.114,107.973,-93.356,-2.792,-79.425,626.075,-194.538,25.517,-148.103,-30.331,37.606,52.810,-1.542,3.589,3.417,-43.974,32.777,38.933,-95.849,-117.370,9.944,14.366,-24.631,-24.227,-11.061,-136.249,3.878,-22.782,-17.223,-141.521,7.053,-10.142,-74.144,269.353,-65.536,-6.236,-116.469,18.140,-74.971,-77.828,-40.431,-28.228,-91.724,-81.721,20.032,141.862,-29.635,-20.319,43.306,102.046,26.857,16.947,-20.523,-179.233,-8.599,-14.583,-18.917,-111.291,69.605,31.930,16.041,149.815,32.831,-22.685,-26.285,-79.592,-45.129,-76.790,-53.694,-89.073,-98.974,-37.478,-86.291,160.201,-72.609,-5.378,-48.554,48.752,58.503,-10.413,5.922,-116.952,56.206,-23.276,-13.791,-23.620,27.656,42.615,-1.046,22.878,4.787,-5.832,28.593,-69.071,-22.598,-11.157,-6.800,-22.224,-43.891,-6.470,-43.834,158.032,-111.712,19.334,-56.255,17.826,69.625,-38.576,-4.567,-75.182,106.133,-32.512,3.748,1.400,-15.474,-8.765,-0.664,34.800,27.213,6.361,30.362,13.431,-16.231,-9.972,12.807,47.957,-9.899,53.483,-5.248,153.650,-71.050,61.111,-8.788,-67.968,-71.063,-119.164,-0.079,-74.398,-16.364,-35.048,1.355,-4.500,-3.810,-1.091,0.284,
361.518,233.925,25.622,31.141,-8.906,12.213,-17.290,1.155,-106.347,-66.782,-109.912,-17.115,19.274,-124.805,-81.916,-72.902,117.026,-15.952,-8.728,-58.354,84.890,13.898,-4.522,9.823,31.823,23.158,0.611,5.723,651.760,93.936,20.303,20.591,-21.957,10.919,-5.725,3.149,-147.202,-9.869,-43.138,-3.260,-28.118,-30.540,-44.502,-2.700,2.130,-21.966,-30.954,-7.280,3.253,-97.609,-19.046,-14.724,23.770,-70.897,-5.875,-61.488,415.941,-134.489,5.092,-85.319,12.752,32.797,20.990,2.269,-30.544,5.654,-10.557,7.846,14.484,-46.675,-52.678,4.166,-12.196,3.819,-15.915,-8.539,-75.454,23.839,-10.559,-0.181,-121.186,14.783,-11.648,-39.144,133.861,-45.490,-8.799,-87.370,22.871,-24.005,-39.284,-20.679,-24.029,-42.568,-36.696,-5.239,72.136,-21.354,-9.906,11.540,30.354,11.235,17.659,-9.321,-118.551,-6.641,-3.157,-7.080,-43.468,20.778,-22.937,23.964,41.428,52.298,-14.325,-32.820,-39.047,-19.305,-46.874,-31.869,-42.956,-60.066,-27.215,-41.301,84.791,-58.288,-6.049,-48.285,32.576,3.530,-0.208,-10.714,-77.769,-15.687,-17.721,-13.427,53.277,-13.418,-3.633,-0.894,-27.544,8.448,-5.519,-8.878,-35.609,-16.862,-9.216,-6.820,13.854,-20.286,6.842,-15.036,73.647,-53.969,16.855,-25.854,-14.841,64.674,-31.305,-5.040,-41.184,78.255,-0.535,-0.134,21.398,9.162,31.028,-0.315,15.427,40.336,8.689,8.547,18.757,44.929,23.332,5.337,41.007,36.762,78.683,-3.956,26.280,-39.985,9.322,-5.891,-60.803,-6.132,-89.372,3.306,-30.551,26.639,-10.770,3.828,-0.585,10.223,5.574,0.394,
61.610,25.622,9.102,3.193,7.562,5.216,2.345,0.330,-13.004,0.960,-12.210,-0.685,7.030,-13.693,-12.948,-4.034,5.404,-5.710,-2.040,-7.998,3.417,4.751,-0.178,-0.012,6.633,7.530,0.302,1.780,69.673,-2.549,8.281,-3.459,3.873,1.857,1.070,0.659,-19.965,4.485,-6.558,-0.225,-7.054,-3.141,-5.890,2.293,-3.539,-0.735,-5.033,0.914,-3.246,-3.794,-2.016,-3.241,8.628,-3.194,-0.135,-2.002,39.786,-11.899,0.511,-13.065,-0.214,2.749,1.978,0.962,-3.121,6.640,-1.502,1.273,2.325,-0.743,-7.348,1.254,-1.578,2.586,-1.138,0.073,-10.422,5.549,-1.867,0.202,-9.966,1.859,-0.667,-1.284,27.167,-5.372,-2.902,-12.075,-2.296,-5.556,-9.683,-2.307,-5.998,-6.313,-6.430,0.199,15.732,-2.115,-1.374,2.188,10.444,1.361,1.038,-1.667,-14.590,-3.387,-1.792,-1.474,-2.059,-0.213,-0.368,0.666,22.369,2.648,-2.127,-1.015,-9.872,-2.940,-4.667,-3.345,-10.128,-5.807,-2.504,-4.819,11.804,-4.774,-0.158,-5.462,0.500,4.986,0.267,1.301,-11.896,0.284,-0.816,-0.322,5.773,-5.143,7.536,-0.281,12.636,1.200,-0.411,8.422,-5.106,-0.844,-0.133,1.020,-2.384,-2.833,-0.018,-2.906,15.793,-9.778,1.377,-5.973,-3.067,13.279,-4.504,0.479,-8.486,17.657,-0.354,2.045,4.075,-0.931,4.521,0.034,5.251,4.059,0.681,5.905,3.684,1.295,-0.158,2.385,8.391,3.273,5.244,-0.878,20.742,-4.302,3.013,-2.206,-10.019,-3.596,-12.649,-0.369,-9.460,2.807,-2.789,1.031,-0.194,1.201,1.398,0.105,
68.086,31.141,3.193,13.181,-8.065,-3.350,-4.690,0.162,-16.390,-23.680,-18.818,-3.737,17.674,-37.806,-18.395,-12.990,31.018,-17.957,-3.790,-9.707,9.721,-9.435,-1.381,-2.671,2.332,-1.903,0.061,-2.806,112.609,-1.843,3.244,6.709,-13.956,3.726,-0.667,0.489,-23.124,3.175,-4.093,0.756,2.763,1.329,-7.262,0.683,5.142,4.211,-3.735,0.356,-1.370,-7.602,-2.978,-3.054,-6.009,-12.519,-0.986,-14.096,71.378,-22.702,2.858,-14.381,-7.494,6.789,9.871,-0.721,-4.915,7.545,-2.793,4.028,5.490,-1.847,-9.367,2.760,-8.709,6.963,-2.000,0.115,-18.014,14.379,-2.650,0.773,-27.877,3.406,-2.328,5.001,20.951,-7.489,-0.940,-8.856,-2.717,-7.816,-5.885,-4.637,-4.623,-8.665,-5.080,2.071,15.090,-3.713,-1.328,4.052,0.551,2.521,1.123,-1.529,-22.162,1.791,-0.612,-2.036,-12.749,4.889,0.002,12.077,-2.063,-0.135,-4.790,0.081,-11.199,-5.897,-10.865,-5.741,-9.061,-12.280,-2.655,-14.858,19.420,-13.607,-0.516,-6.874,6.697,6.379,-1.549,2.927,-10.233,9.318,-1.825,-1.152,4.147,6.770,3.601,1.061,-10.447,-4.904,-2.297,2.834,-8.495,-1.238,-0.546,0.688,-2.141,-5.883,1.206,-7.435,12.790,-14.412,2.664,-5.842,2.843,5.522,-0.499,1.387,-7.140,17.256,-5.286,0.616,1.081,8.205,0.565,-0.109,-1.224,-1.158,-0.756,1.361,-0.498,-1.137,1.187,1.285,0.849,1.514,12.156,-1.003,4.105,-4.252,13.056,-1.497,-11.017,-10.779,-9.213,-0.478,-8.908,-4.450,-4.457,-0.223,-0.421,-0.999,-0.840,-0.009,
-13.156,-8.906,7.562,-8.065,628.073,182.964,185.220,10.309,381.662,745.633,197.020,123.633,-404.393,337.643,-167.763,291.769,-251.681,-121.333,-43.545,71.226,-135.322,-12.633,-1.336,-45.064,-25.517,19.115,8.665,-27.285,-47.872,22.059,-1.957,-41.380,665.398,56.704,69.793,24.569,290.795,108.326,-18.040,53.849,-192.035,3.130,-67.575,55.891,-24.317,-41.398,13.489,74.323,-108.204,1.156,28.670,39.713,-33.772,13.439,13.463,29.385,29.915,25.864,10.522,-118.557,427.038,55.397,-79.850,38.270,135.251,92.275,-149.409,42.534,-142.523,74.348,40.787,-11.034,-17.050,29.607,34.384,45.686,-32.080,30.769,25.697,25.862,-61.497,47.119,28.075,27.458,85.639,83.753,10.419,-66.707,29.866,64.175,-149.414,45.563,-46.015,116.985,-81.023,109.888,-197.123,91.054,30.896,51.949,68.994,23.389,2.416,17.317,71.883,-17.369,-22.532,5.380,44.420,10.296,-44.173,-3.481,49.540,107.693,-1.672,-1.207,-118.436,123.260,-14.744,43.725,-73.989,165.183,-4.072,174.888,-158.798,147.880,-4.068,101.758,24.161,43.340,-1.469,28.262,38.049,-36.486,-33.241,13.398,48.834,56.962,16.399,1.731,-52.127,124.100,-5.567,-6.594,-80.675,33.028,-18.011,-0.129,-12.675,55.314,-6.901,46.580,-95.190,93.902,3.464,10.360,-40.114,18.812,-4.705,31.995,44.323,23.959,14.128,14.064,3.727,29.781,23.733,1.909,-77.925,6.207,-4.226,-17.375,-43.241,32.103,-11.162,-3.846,11.965,122.703,14.650,-4.125,-125.323,39.343,26.143,-12.517,-22.112,7.513,2.603,-1.148,40.812,37.776,8.061,8.880,-2.522,-0.183,11.785,1.058,
-0.927,12.213,5.216,-3.350,182.964,132.505,74.498,10.155,29.805,314.999,-12.314,63.172,-117.894,75.964,-77.825,43.064,-92.115,12.724,-0.521,-36.905,-25.491,11.431,-1.392,-3.070,-2.641,-12.215,2.534,-6.820,41.752,40.541,5.854,-26.001,153.792,30.803,29.837,7.464,-67.778,33.000,-14.073,9.606,-32.319,-10.843,-36.605,19.832,12.401,14.576,-3.437,17.578,-33.685,-3.631,-1.164,14.194,-16.876,-15.833,4.755,5.322,66.820,-16.823,17.417,-62.833,84.686,35.667,0.814,15.401,-53.895,32.336,-24.431,1.925,-7.513,4.029,-5.680,5.890,4.942,24.623,13.960,16.141,-64.257,29.431,7.467,6.172,-62.679,29.861,20.058,16.678,42.334,31.646,15.472,-34.062,-3.447,24.067,-39.937,12.911,-65.698,26.580,-18.333,-3.279,-25.341,17.153,11.941,-12.775,42.997,9.980,11.052,4.298,-56.697,1.063,2.046,-2.385,-16.577,11.771,3.250,-4.042,14.727,73.511,0.761,2.891,-51.615,44.738,-16.030,15.105,-27.308,60.810,-1.642,28.944,-9.830,42.050,3.693,-18.515,23.088,6.836,10.403,-6.614,-50.968,-4.137,-5.184,-3.952,22.204,1.832,-15.056,-1.225,-31.376,49.912,-4.176,-3.702,-41.933,9.521,-9.808,4.810,31.034,41.265,1.894,17.481,8.365,37.518,10.594,-12.369,-38.066,33.831,-3.682,6.347,-23.068,10.933,1.741,6.420,27.815,5.214,6.778,0.873,-23.342,-5.247,-0.916,-5.445,-3.613,1.435,-3.990,-4.641,58.320,75.088,44.383,-2.248,2.276,34.948,33.610,-9.048,-88.115,10.619,-37.060,1.843,-22.510,33.961,-0.096,10.804,0.517,9.135,15.374,1.050,
-21.835,-17.290,2.345,-4.690,185.220,74.498,133.381,-0.240,30.630,303.205,165.251,20.318,-157.097,153.472,-42.295,112.205,-71.491,-56.766,-8.763,47.351,-53.577,-11.595,2.147,-14.542,-14.654,7.692,1.467,-7.356,-61.491,-27.255,-0.211,-23.679,308.514,21.083,63.267,10.906,32.882,28.473,27.403,0.710,-83.620,-4.924,-5.628,8.108,22.752,-32.047,9.977,40.820,-31.647,-6.646,10.690,15.249,-31.484,-10.183,6.238,15.933,-38.896,1.017,-0.933,-48.705,219.493,16.998,-30.749,28.143,-2.642,54.545,-17.363,15.464,-84.800,30.647,41.530,-11.880,15.146,6.053,19.946,21.918,10.422,19.405,9.903,14.495,-48.817,17.110,14.658,30.765,20.080,54.310,9.738,-11.281,9.525,38.437,-62.521,41.266,-58.100,50.959,-26.006,47.027,-113.225,32.894,18.870,-0.425,36.021,7.671,10.284,-1.271,58.619,-4.919,2.405,1.708,-4.038,-5.242,7.396,-1.948,23.695,57.486,3.315,11.789,-66.962,62.849,-1.988,30.970,-43.138,96.349,8.464,95.392,-87.255,71.388,3.678,41.425,5.420,13.302,18.453,2.992,30.621,-13.571,5.678,1.487,0.850,-9.654,20.036,2.555,-32.556,54.652,-7.379,2.662,-51.241,21.087,-6.127,-2.688,-11.217,27.659,7.112,23.449,-38.462,36.389,28.253,16.680,-42.855,1.083,30.445,7.336,-7.952,12.504,8.831,5.887,1.512,-5.445,12.562,0.504,-38.416,-17.966,-5.132,-8.597,-22.191,31.277,8.067,-1.920,6.352,101.994,73.094,-1.353,-64.927,38.239,102.899,-7.729,-125.254,-11.257,15.632,-1.681,-26.744,8.740,-2.224,3.364,-1.328,1.434,4.970,0.392,
-0.311,1.155,0.330,0.162,10.309,10.155,-0.240,7.023,0.909,19.600,-12.841,23.137,-17.736,-6.462,-11.834,-1.803,-18.653,5.558,0.630,-12.976,-1.919,5.102,-0.857,0.696,11.837,-2.249,3.561,-0.323,12.073,6.120,1.532,-2.454,-8.368,1.152,0.788,0.546,-12.204,1.133,-1.842,5.540,5.308,-6.081,-5.614,5.544,-6.477,2.399,-0.270,-4.461,-2.439,-5.320,-2.050,2.770,8.116,-8.594,3.545,2.003,24.878,-5.575,1.422,-5.995,-7.477,-2.584,4.631,-1.370,-7.725,-2.866,1.108,-0.766,12.607,-9.538,-5.633,5.091,-4.241,-2.180,-2.611,1.670,-15.700,-0.275,-0.045,-1.670,-9.486,-5.349,5.099,3.452,1.290,-3.562,1.559,0.011,-8.945,0.030,3.909,-2.013,-16.224,0.458,2.795,-7.191,10.830,1.107,-0.644,-0.079,-1.626,4.463,-0.577,1.392,-22.162,4.648,-1.235,-0.478,-8.359,-5.684,-3.579,0.515,-2.431,0.853,2.610,-1.443,-9.743,0.478,0.026,-1.054,-8.233,-2.116,0.184,-10.345,15.451,-9.852,-0.032,-11.132,9.404,-7.986,-3.965,-2.269,-14.128,-9.908,-2.811,-0.893,-0.834,-10.911,-0.031,-0.390,9.790,2.165,1.849,1.867,-1.862,-1.326,-0.719,1.215,5.528,7.540,0.357,1.158,7.436,0.581,0.405,-4.423,-1.708,0.955,-3.892,-1.205,-4.185,0.751,3.540,-0.424,1.168,-4.212,4.740,-0.079,2.009,0.707,0.827,4.227,-0.090,-1.929,-0.293,0.286,6.314,5.489,-2.617,1.488,9.926,10.835,0.340,1.255,-8.445,3.281,-1.781,-0.573,-5.195,5.661,0.818,-0.028,-0.258,0.058,1.369,-0.006,
-208.072,-106.347,-13.004,-16.390,381.662,29.805,30.630,0.909,1315.643,564.878,231.675,119.684,170.020,508.415,-108.296,373.978,-590.888,-158.707,-110.562,141.239,-338.449,22.232,-13.226,-63.435,-202.904,17.023,-8.846,-58.657,-393.884,-4.239,-32.577,-6.816,356.508,8.550,-1.104,-1.626,834.721,73.296,-33.178,85.122,97.186,111.523,-59.211,91.274,-185.937,105.824,-3.448,76.955,-138.145,175.513,20.284,104.145,-89.375,59.969,-44.429,89.392,-271.866,198.408,-0.169,69.051,162.989,39.699,-50.910,-3.739,285.162,12.790,-226.016,34.624,-49.233,96.178,-35.135,21.788,-86.885,30.553,-13.525,64.364,104.493,15.192,-26.851,65.571,153.339,-62.648,-79.712,108.048,-73.712,83.452,1.109,9.734,9.226,16.064,-67.931,31.345,124.711,62.362,-69.119,121.727,-96.098,49.506,-34.309,94.740,-56.040,-34.709,-52.131,47.079,200.970,-57.370,-59.844,22.144,309.625,-60.126,-153.005,70.616,-16.132,-46.059,-49.302,-6.028,-39.600,17.922,7.859,45.362,-68.300,51.400,-11.559,126.187,-121.735,104.214,-36.672,132.490,32.014,38.454,-39.866,49.876,104.681,-76.078,-58.529,20.431,245.272,97.572,4.944,12.482,5.863,-0.757,-24.680,-11.817,-23.823,1.699,-18.543,2.540,-45.504,22.462,-45.459,25.139,-149.710,74.272,-73.654,22.540,96.078,-44.458,-18.377,50.210,118.062,23.786,47.694,7.413,41.469,117.460,85.155,0.727,37.691,2.760,-3.820,-1.751,30.733,-32.534,-55.981,6.936,-54.612,-18.985,-192.539,15.547,-112.427,26.292,-133.919,30.170,218.523,85.009,140.959,9.941,110.033,62.682,75.813,2.935,3.860,30.401,17.753,0.074,
-145.268,-66.782,0.960,-23.680,745.633,314.999,303.205,19.600,564.878,1417.245,315.917,152.961,-537.861,813.898,-272.196,409.613,-448.914,-54.985,-64.975,91.118,-254.041,47.802,-8.328,-46.010,-102.441,-4.616,-1.033,-32.808,-287.724,-7.158,-16.105,-79.008,808.716,81.916,123.762,28.274,274.805,175.975,15.297,52.464,-233.316,60.297,-81.546,53.335,19.484,-28.376,-2.862,126.868,-151.590,40.599,-0.651,87.615,-114.982,19.142,-6.097,80.301,-158.560,124.660,15.919,-113.720,516.456,91.371,-63.608,48.316,71.059,144.594,-144.559,35.856,-169.290,99.534,39.607,-21.970,61.462,14.044,29.577,77.145,-11.533,48.677,8.765,53.813,-76.587,75.533,16.152,74.197,12.632,156.284,26.890,-33.818,18.516,127.453,-166.927,85.060,-123.238,170.708,-115.567,127.755,-238.458,131.294,26.426,32.185,114.824,23.072,7.505,17.070,126.094,-16.331,-7.693,19.238,12.887,48.352,6.439,-13.898,-62.068,157.745,-19.563,6.105,-180.550,181.206,-44.555,94.589,-133.598,304.167,-7.416,240.468,-243.656,348.401,0.338,141.926,-13.129,92.137,21.087,21.002,33.709,12.181,2.795,6.745,-44.402,104.835,-5.025,3.826,-178.625,104.153,-35.066,-24.931,-170.168,42.545,-43.619,9.139,-18.095,94.292,-2.887,40.569,-155.370,114.182,41.101,-20.231,-72.729,-0.122,46.179,26.492,46.132,-24.994,-1.163,8.738,-26.015,-6.996,-24.729,1.993,-136.549,14.694,2.089,-37.818,-106.170,72.837,-8.498,-11.122,37.403,284.989,131.156,-11.139,-218.122,149.657,208.917,-43.932,-245.225,-19.884,54.930,-12.354,-5.867,19.128,-2.141,12.874,-12.418,-7.660,12.183,1.651,
-164.905,-109.912,-12.210,-18.818,197.020,-12.314,165.251,-12.841,231.675,315.917,876.055,-120.968,-385.093,654.595,432.695,265.933,30.612,-71.504,-42.230,485.849,-79.274,-175.765,-12.598,11.038,-136.430,-108.648,-10.143,-49.577,-411.777,-137.050,-35.939,-33.769,596.773,-13.058,129.405,5.544,684.606,14.635,263.998,-6.520,-252.090,152.529,179.917,-52.375,160.784,-150.752,53.958,133.738,104.981,-63.570,-4.686,125.835,-271.828,-90.606,-18.351,28.996,-247.593,32.894,-20.367,60.885,527.979,-19.837,-45.141,23.888,364.191,93.864,-0.544,57.434,-423.453,246.219,225.869,-79.519,102.020,43.968,36.489,54.233,399.919,24.211,3.797,89.934,-191.201,63.504,-60.548,274.872,-108.204,88.863,57.446,154.434,132.133,88.816,-22.556,112.574,209.814,75.773,-85.509,234.270,-554.186,8.570,-5.546,20.766,59.802,-50.987,-6.326,-24.586,615.377,-95.300,-33.436,26.381,244.693,-131.319,-94.334,95.213,-41.088,-40.613,21.531,51.981,45.027,60.345,21.531,122.300,47.762,145.717,-12.972,441.851,-434.967,203.496,-15.242,309.343,28.616,7.207,47.204,26.764,427.740,-136.989,-9.787,20.987,202.210,-36.834,208.687,11.845,-68.528,-4.074,-31.239,-17.199,-26.387,13.157,-30.386,-6.022,-100.519,55.843,-29.398,133.017,-326.746,254.578,-13.192,222.311,-45.233,-9.151,114.791,77.756,124.052,63.486,115.200,25.834,-5.597,118.584,167.496,0.885,-145.589,-108.534,-19.747,-35.687,-108.021,-41.404,-30.564,-8.512,-165.979,79.702,-94.572,12.107,-303.883,122.664,203.225,29.216,-90.927,-22.077,380.599,14.775,9.605,-13.026,54.729,-2.325,-13.058,7.285,1.106,-0.220,
-33.637,-17.115,-0.685,-3.737,123.633,63.172,20.318,23.137,119.684,152.961,-120.968,258.516,-88.632,-193.506,-182.734,154.668,-301.716,-103.420,-21.740,-195.027,-114.416,16.543,-5.510,-41.385,9.262,-11.455,12.831,-20.411,-14.470,9.010,1.005,-34.540,1.885,11.719,-3.178,1.695,-94.961,12.198,-57.590,42.565,100.866,-91.388,-85.073,93.355,-125.737,126.661,-14.062,-16.524,-123.506,98.943,2.930,10.827,-0.226,-34.411,11.496,42.438,99.078,-16.610,2.744,-86.169,-45.589,-0.484,1.434,-9.159,-107.316,9.063,-6.532,-10.231,141.736,-71.739,-51.915,51.793,-46.482,21.957,-17.607,30.005,-214.913,45.006,-3.495,13.315,-39.527,-33.298,7.163,45.608,131.986,24.222,10.038,-39.787,-81.202,-22.897,-4.829,-29.434,-181.669,6.295,9.710,-60.508,128.734,12.369,2.581,-2.113,21.649,4.421,-23.268,24.312,-241.013,10.697,-19.552,-2.100,-9.777,-10.295,-41.273,6.424,73.871,36.827,18.848,18.380,-102.503,15.483,3.057,-13.086,-102.824,28.572,3.008,-88.570,120.439,-46.195,12.125,-99.968,67.181,-35.114,-19.835,-0.245,-143.889,-20.195,-15.380,0.099,15.124,-8.280,-19.523,-1.195,88.467,30.233,6.196,21.687,-23.628,5.684,0.157,11.483,45.941,62.460,1.163,-4.710,93.686,-10.079,15.411,-54.119,-15.762,18.807,-20.592,-8.670,-31.578,6.049,21.924,-2.215,20.419,-13.800,15.413,1.000,83.049,63.984,8.674,23.150,27.746,18.527,-2.303,0.055,65.505,31.526,24.544,4.390,107.638,-0.781,-58.885,3.257,-37.280,42.473,-97.253,-3.817,-14.328,51.137,12.912,-0.128,7.681,5.208,10.079,0.061,
27.258,19.274,7.030,17.674,-404.393,-117.894,-157.097,-17.736,170.020,-537.861,-385.093,-88.632,1590.020,-527.583,-175.505,-93.680,23.431,-230.550,-87.220,-274.035,-289.919,15.097,-6.503,-105.453,-305.174,25.166,-19.035,-99.544,314.679,58.102,27.429,55.303,-577.942,-48.399,-122.110,-24.145,-366.873,-61.418,-142.548,-35.764,571.957,-72.980,-34.798,30.634,-116.260,308.611,-28.437,-35.746,-224.905,443.080,42.891,-56.587,-81.392,212.761,-46.632,86.701,298.194,11.804,3.789,59.471,-470.422,16.845,80.909,-16.772,-340.952,-11.570,124.293,-82.082,325.395,-124.906,-139.231,40.169,42.492,-36.569,-45.791,-10.787,-276.807,64.732,-62.950,14.430,166.476,-92.621,-44.564,54.373,180.240,-112.749,-7.132,-34.809,29.338,-69.388,91.846,-39.482,-6.923,-116.613,138.486,-194.583,409.327,-120.727,-65.063,-71.279,89.486,-49.809,-79.708,62.614,-359.640,7.261,-64.262,5.467,66.049,2.139,51.179,45.075,160.125,-57.920,-10.451,24.962,132.162,-143.828,0.370,-54.161,0.426,-199.950,-0.293,-272.542,259.783,-247.043,-39.371,-265.514,180.043,34.822,-66.036,22.562,-215.289,159.785,24.993,0.231,40.697,3.615,33.913,0.223,190.032,-72.488,1.336,83.276,138.412,-27.229,32.420,13.373,6.463,-80.564,-14.049,-99.568,257.061,-151.287,-97.550,-117.757,271.646,17.263,-104.822,-23.865,-78.949,78.025,-11.938,-0.753,12.684,-11.494,25.223,-1.533,151.102,14.633,-1.442,54.684,140.092,-34.538,-7.605,23.802,-47.137,-240.457,-152.806,-9.508,334.445,-210.349,-396.369,-1.753,535.288,8.615,-196.305,18.389,9.345,-1.385,-1.368,9.511,8.706,30.250,25.098,-0.200,
-242.324,-124.805,-13.693,-37.806,337.643,75.964,153.472,-6.462,508.415,813.898,654.595,-193.506,-527.583,1608.346,346.496,67.410,167.636,547.549,3.240,604.237,107.624,-4.322,-7.680,140.089,-152.148,-52.751,-15.444,6.684,-564.516,-27.783,-38.664,-13.512,583.500,21.537,110.014,16.966,798.545,107.917,208.633,10.179,-350.275,331.531,149.232,-136.149,284.327,-260.738,42.231,109.681,295.145,-278.319,-38.996,172.402,-164.549,29.933,-41.323,-12.164,-471.110,219.335,2.356,140.223,489.918,19.047,-42.170,41.702,469.943,25.348,-148.669,62.512,-412.544,282.194,150.578,-119.332,113.858,23.990,47.924,-19.238,698.271,-60.729,9.203,37.280,53.674,207.149,-75.191,80.228,-342.946,124.110,0.097,142.108,136.199,115.383,-65.077,108.419,340.372,161.197,-167.255,272.851,-488.170,97.943,-14.056,84.921,-9.941,-7.563,40.547,-70.114,820.394,-74.470,-4.500,15.445,300.031,-0.533,-67.028,-3.764,-229.354,-59.001,-68.975,-21.929,37.474,137.492,-15.109,75.361,105.833,239.854,-24.332,413.830,-458.734,433.680,-17.833,446.278,-197.877,64.107,71.730,20.681,402.431,-58.083,10.765,18.286,42.553,127.668,92.338,7.484,-189.859,-24.565,-38.938,-72.317,-88.736,47.471,-42.020,-40.930,-72.021,15.180,-27.164,61.866,-371.010,186.710,23.630,145.005,-123.618,-53.120,148.666,51.073,89.211,-23.634,42.912,6.377,-64.755,73.090,35.752,-0.023,-176.949,-98.979,-8.482,-61.714,-147.311,5.044,-19.483,-9.686,-71.475,236.371,14.989,3.753,-397.780,199.245,403.138,-8.155,-279.953,-77.214,361.041,-6.022,-27.076,-37.549,-3.735,1.101,-28.453,-6.229,-5.581,0.458,
-142.201,-81.916,-12.948,-18.395,-167.763,-77.825,-42.295,-11.834,-108.296,-272.196,432.695,-182.734,-175.505,346.496,742.834,-169.667,335.531,340.410,113.957,349.442,270.097,-126.000,-15.247,139.173,-129.576,-151.573,-13.449,-59.016,-310.071,-52.699,-19.997,8.182,-23.139,-42.741,24.136,-9.007,451.523,-73.527,256.166,-28.810,-66.658,162.375,262.371,-106.127,186.416,-104.438,83.170,7.076,333.534,-163.713,-14.180,97.602,-241.999,-72.111,-29.878,-27.126,-215.482,18.635,13.456,139.217,89.090,-40.992,21.058,-10.648,325.849,-58.969,73.869,19.862,-282.661,203.227,196.039,-75.810,64.836,106.790,46.801,-19.571,457.265,-7.473,25.097,46.091,-142.082,100.288,-76.986,201.639,-179.623,-0.390,51.597,143.219,112.771,31.433,92.873,49.247,370.972,-5.514,-19.655,142.540,-361.087,-51.291,-5.322,-15.018,4.914,-50.824,24.897,-51.637,560.777,-95.542,-4.506,6.351,275.981,-130.699,-97.106,93.053,-17.437,-128.695,20.109,11.576,178.819,-24.430,49.174,49.355,291.716,8.809,-22.844,305.246,-244.723,75.858,-9.716,208.684,10.762,-25.110,56.052,-20.874,363.604,-106.844,-1.429,6.158,246.630,-41.582,194.766,1.751,58.247,-70.198,6.712,-19.706,73.153,-9.985,-3.331,-12.519,-4.104,32.208,-24.031,132.621,-223.460,264.765,-19.909,220.205,-103.485,78.708,91.721,42.256,58.145,121.982,105.551,17.144,20.956,155.290,159.502,0.416,-75.783,-89.179,-4.132,-22.275,-47.606,-68.206,-16.716,-7.931,-105.225,-39.207,-84.406,12.120,-196.402,43.578,133.743,42.128,-82.570,-25.714,283.230,18.851,-19.604,-13.138,37.265,-2.027,-10.975,11.783,-0.147,-0.242,
-122.661,-72.902,-4.034,-12.990,291.769,43.064,112.205,-1.803,373.978,409.613,265.933,154.668,-93.680,67.410,-169.667,633.083,-390.154,-485.252,-131.461,155.785,-382.609,-164.621,-31.466,-155.238,-220.042,-116.016,-10.799,-128.667,-254.725,-68.678,-13.653,-40.731,366.932,-0.595,24.253,7.362,254.044,30.113,-29.982,20.840,-50.591,-28.970,-21.842,95.639,-73.340,87.683,1.787,154.009,-247.267,303.292,4.228,64.776,-314.374,34.128,-21.007,87.460,-149.796,58.353,-17.700,-9.215,213.498,14.820,-55.914,19.529,40.500,116.178,-14.248,13.586,-83.097,81.111,101.404,6.322,53.086,28.054,8.106,91.661,-42.602,111.194,-20.086,106.555,-126.585,9.132,-76.599,231.559,90.160,37.573,14.710,27.752,16.536,18.492,-34.722,39.399,-59.158,65.041,-17.266,75.446,-133.925,31.244,-1.559,34.098,104.592,-44.341,-50.257,39.374,63.936,-38.877,-63.714,37.589,99.801,-23.545,-42.127,60.062,62.144,9.352,11.177,34.038,-13.388,38.785,12.080,44.309,-125.370,72.330,-4.120,88.791,-171.794,93.199,-0.719,96.834,17.951,46.652,-13.240,71.252,57.696,-6.805,-13.069,34.188,26.218,84.195,101.263,8.477,35.242,14.771,-15.736,10.708,15.959,20.601,-17.142,8.358,-46.065,34.871,-15.182,13.183,-141.259,44.685,-8.197,3.292,28.230,-19.754,18.904,44.169,94.028,-29.297,50.097,15.160,-30.992,10.016,22.606,3.518,-24.250,35.445,-3.264,-1.463,-33.423,47.590,-11.814,2.281,-58.874,51.253,-29.856,-0.838,-119.180,6.942,-43.792,-9.536,53.722,9.324,110.246,1.877,60.004,-11.232,38.462,-0.489,-8.400,-13.502,-3.026,0.325,
237.070,117.026,5.404,31.018,-251.681,-92.115,-71.491,-18.653,-590.888,-448.914,30.612,-301.716,23.431,167.636,335.531,-390.154,1226.865,207.163,90.919,257.392,455.128,-311.558,-21.427,48.680,-199.783,-175.321,-10.988,-132.264,290.734,22.231,9.609,41.556,-158.213,-8.885,8.592,3.525,-107.190,-19.251,64.094,-49.919,-144.351,238.854,140.678,-197.443,475.522,-192.043,64.614,-24.450,274.293,-134.475,-12.028,-19.786,-382.346,107.142,-28.415,-195.344,17.760,-22.598,12.997,82.937,-20.401,21.007,88.800,29.684,91.237,32.600,132.265,17.153,-225.215,222.524,98.861,-106.292,137.508,46.304,66.432,-82.221,267.609,101.977,22.852,-2.710,-278.467,286.926,-75.347,53.023,-268.047,-72.564,17.817,28.634,94.591,10.595,81.984,30.447,286.931,4.060,13.817,79.012,-145.416,-7.101,11.333,-9.712,134.100,-5.147,49.643,-91.989,286.191,-77.325,-25.880,-13.546,76.894,-5.332,-17.266,29.064,-173.057,-110.976,23.842,-91.646,143.429,-47.653,-42.981,-18.475,286.149,-37.670,-23.347,70.653,-36.939,32.556,3.969,118.221,-13.122,-7.317,30.669,-22.562,188.772,13.693,-8.524,-7.845,45.488,74.024,119.194,-1.208,-51.495,-65.221,14.443,-59.679,55.952,-14.771,0.922,-25.875,22.335,-55.587,-0.403,30.385,-42.841,58.195,-6.884,105.877,-61.344,39.374,21.421,13.517,-18.039,82.314,20.795,1.976,-19.273,72.492,49.188,-1.406,-50.877,-58.050,-6.192,-17.798,-21.566,-44.573,13.421,-0.690,-48.721,-16.202,22.772,-5.300,-80.119,68.649,180.547,-9.835,-81.509,-74.287,102.965,2.635,-48.336,-65.732,-21.596,1.535,-2.785,-12.429,-3.332,-0.234,
-47.076,-15.952,-5.710,-17.957,-121.333,12.724,-56.766,5.558,-158.707,-54.985,-71.504,-103.420,-230.550,547.549,340.410,-485.252,207.163,1258.224,215.552,-22.143,512.480,707.927,55.094,360.655,89.419,211.228,-9.121,262.971,-102.027,91.691,5.240,19.436,-170.438,10.971,25.140,4.279,86.458,-14.721,196.633,-20.857,-28.719,67.669,141.550,-104.428,198.721,-122.111,20.931,-120.094,498.116,-444.130,-41.937,79.487,484.837,-78.339,-25.957,128.043,-38.281,60.772,72.128,63.079,-8.415,-15.632,83.269,6.425,271.504,-227.337,-45.543,5.628,111.751,-149.411,-67.869,-31.776,172.458,-135.644,-44.702,-68.354,400.528,-399.335,-18.543,-122.243,499.778,-113.240,-3.690,-292.371,-139.996,-57.019,7.004,17.161,165.266,-62.415,14.941,-22.513,300.971,-72.048,-134.868,40.848,67.244,-24.567,-46.420,8.672,-41.991,12.248,53.150,-51.231,263.499,-26.505,63.199,-23.534,100.890,34.189,53.808,-123.706,-4.554,-87.450,-29.230,-26.517,142.114,-23.546,0.274,-53.171,234.502,21.598,-34.083,49.539,-13.849,146.265,2.495,103.805,-181.216,37.642,76.006,-47.544,56.793,45.946,74.039,-9.816,-99.300,11.260,-48.078,-8.129,-39.140,-3.451,17.259,-6.609,-23.510,17.429,9.480,-34.116,77.756,30.495,7.325,13.231,-32.146,99.489,68.568,48.122,-212.494,47.166,92.135,-45.677,-78.609,-27.364,-18.699,-17.955,-23.360,-42.484,-59.486,-3.002,-48.454,-16.355,20.170,-15.504,-39.288,-28.025,32.084,-9.896,74.587,22.505,131.283,-0.968,-43.516,1.923,252.514,-2.358,-348.280,-57.781,-16.258,-14.523,-74.459,14.685,-46.216,-2.706,-4.656,6.063,-1.943,-0.260,
-13.939,-8.728,-2.040,-3.790,-43.545,-0.521,-8.763,0.630,-110.562,-64.975,-42.230,-21.740,-87.220,3.240,113.957,-131.461,90.919,215.552,116.354,-26.961,178.071,115.460,26.373,74.308,35.354,44.830,-0.285,59.629,-42.202,-15.416,5.107,-9.495,-40.935,1.708,12.624,-0.640,-30.827,-16.287,35.740,-7.520,3.945,3.702,46.058,-27.794,69.670,-27.555,28.998,-37.952,134.853,-129.691,4.457,-8.372,97.266,-50.881,0.376,-31.247,-33.112,-7.367,24.214,-10.243,-12.523,-10.638,16.238,-5.728,30.757,-37.471,17.908,-5.671,28.145,-3.553,-0.548,-11.363,26.185,1.635,4.437,-20.691,61.001,-49.797,10.540,-20.737,37.897,-4.332,16.376,-69.734,-10.783,-7.327,18.447,-8.042,8.983,3.422,22.147,-4.617,53.578,-6.348,-7.361,0.496,32.187,4.519,6.170,-14.298,-9.527,9.032,30.475,-18.540,23.083,-3.485,29.239,-8.402,-25.269,6.217,30.110,-8.080,28.043,1.887,20.094,-15.103,16.250,-5.281,12.379,-12.948,88.614,3.375,-4.716,2.310,40.051,-0.086,14.100,-14.912,-13.892,-3.390,35.363,-21.920,-5.206,-3.955,25.974,-8.356,-8.245,-28.822,-4.549,-1.293,24.790,12.388,12.894,0.309,9.584,-5.224,4.871,-10.532,39.876,12.197,9.784,13.322,34.276,18.197,30.831,-0.226,-62.331,28.408,23.288,-18.030,-38.103,11.769,-1.808,-3.685,7.714,-13.949,-2.069,-0.357,0.075,-5.299,5.086,-0.421,1.290,-0.329,14.986,-2.111,44.798,5.868,61.033,1.945,21.218,-22.197,59.030,2.433,-130.918,-29.789,-35.514,-2.005,-39.369,12.010,-14.105,0.951,1.760,5.654,4.111,-0.024,
-103.653,-58.354,-7.998,-9.707,71.226,-36.905,47.351,-12.976,141.239,91.118,485.849,-195.027,-274.035,604.237,349.442,155.785,257.392,-22.143,-26.961,670.799,51.312,-312.152,-38.065,52.138,-235.810,-212.318,-18.248,-154.241,-287.677,-21.757,-21.515,37.441,293.129,-8.983,40.996,7.630,537.149,-8.571,120.696,-11.121,-284.425,216.625,155.750,-97.132,185.202,-165.176,67.321,118.540,177.074,-97.273,-19.404,133.251,-429.365,12.978,-32.707,-50.971,-305.592,65.700,-14.050,189.985,266.758,0.345,-39.438,26.119,323.639,42.096,-16.036,42.095,-408.690,279.037,216.267,-90.961,22.084,94.865,55.941,9.804,487.386,39.685,11.678,77.324,-191.600,176.532,-102.942,204.636,-314.748,-2.006,-16.088,151.615,108.688,59.342,-5.813,83.451,296.773,82.231,-37.327,189.537,-436.481,27.739,5.839,50.055,-46.384,-28.579,35.939,-42.738,622.288,-61.671,-15.883,27.229,255.104,-32.648,-87.755,80.708,-187.154,-113.332,-44.676,-21.433,131.163,26.935,-2.816,60.036,131.121,50.662,-7.838,277.810,-319.259,172.912,-8.740,302.666,-129.886,34.584,55.509,26.015,329.162,-64.824,-18.453,24.465,180.361,62.447,125.529,14.048,-114.341,-64.762,-23.415,-48.846,59.834,9.034,-20.849,-11.837,-51.803,-20.913,-11.258,66.557,-296.429,144.666,17.367,148.877,-92.539,-24.689,103.763,49.351,87.319,3.763,41.440,13.795,12.733,111.226,87.759,1.660,-140.596,-92.748,-16.624,-31.072,-60.560,25.488,0.710,5.992,-111.214,133.531,3.700,14.274,-340.431,99.905,209.991,16.441,-140.255,-44.381,316.796,12.085,6.121,-26.004,43.562,3.413,-8.703,9.585,6.481,0.089,
138.066,84.890,3.417,9.721,-135.322,-25.491,-53.577,-1.919,-338.449,-254.041,-79.274,-114.416,-289.919,107.624,270.097,-382.609,455.128,512.480,178.071,51.312,609.693,16.937,22.399,183.327,69.371,-26.968,-2.088,57.658,143.611,41.664,4.666,18.448,-116.110,4.830,4.632,4.714,-43.412,-41.654,47.502,-13.889,-122.844,89.606,59.840,-106.954,181.570,-101.243,32.151,-96.891,416.757,-374.954,-16.497,-25.946,28.957,-73.967,-4.479,-181.373,-3.927,-45.690,12.539,15.951,-13.193,-9.974,22.904,1.561,135.118,-50.613,16.889,21.900,-61.657,135.582,28.633,-30.412,-82.746,118.959,35.729,-71.513,220.521,-2.970,47.581,-46.172,-139.034,173.199,8.999,-109.386,-166.008,-39.467,-6.690,-6.087,22.128,17.203,38.753,-9.784,163.134,-2.983,-4.089,25.798,-22.289,22.236,19.633,10.089,-89.532,40.784,92.763,-66.096,149.217,-16.907,63.140,-30.066,-11.271,15.212,-33.966,18.182,-92.167,-36.864,8.366,-49.092,37.361,1.242,2.221,-32.847,205.938,-43.158,-9.883,20.152,46.170,-45.673,15.043,23.560,-79.903,-33.968,65.223,-50.983,20.864,-47.808,14.549,-19.354,51.776,-20.404,-5.264,-0.387,-58.899,12.048,22.496,-33.896,-20.952,8.119,9.154,-16.223,80.318,-14.827,31.457,22.808,24.309,22.801,57.731,40.072,-153.366,73.198,34.274,-25.889,-69.403,86.564,-5.383,-6.938,15.499,49.463,42.718,-1.589,-35.236,-33.858,4.474,-13.519,-14.038,3.261,43.527,-1.994,68.028,64.949,143.711,11.366,-56.529,29.249,169.531,4.618,-268.891,-23.594,-39.072,-5.249,-70.631,22.940,-30.709,1.229,1.078,11.147,3.622,-0.080,
47.119,13.898,4.751,-9.435,-12.633,11.431,-11.595,5.102,22.232,47.802,-175.765,16.543,15.097,-4.322,-126.000,-164.621,-311.558,707.927,115.460,-312.152,16.937,1201.023,121.507,163.289,318.564,694.283,10.416,514.705,54.808,36.193,9.151,-15.545,-84.395,9.426,-4.605,-1.028,-8.165,-37.354,79.562,-8.830,120.194,-216.580,32.134,25.625,-13.032,-79.808,-23.084,-80.899,96.905,-198.617,15.842,-63.698,1139.993,-52.514,12.059,329.161,173.598,-1.787,49.603,-70.065,-44.691,-21.858,11.609,-4.050,185.413,-242.175,-92.713,3.699,380.808,-473.150,-179.169,29.182,256.956,-380.753,-124.767,1.974,24.323,-597.401,-65.424,-164.013,962.966,-560.438,126.860,-561.239,213.732,-93.484,19.950,-54.757,88.095,-109.901,-22.087,-41.209,152.748,-112.847,-130.083,-8.825,342.674,-17.079,-53.620,19.576,7.558,32.688,-18.852,20.059,-122.610,56.415,72.653,-6.517,-249.427,79.680,263.949,-244.884,190.301,7.203,25.991,13.087,36.056,-43.659,27.706,-47.970,9.410,16.024,-20.617,-95.320,99.514,125.594,-5.309,-18.819,-126.668,99.431,3.107,-17.102,-105.440,70.960,95.256,-9.468,-372.112,-114.353,-188.600,-13.522,16.997,57.616,13.665,36.277,-44.363,-14.936,17.687,-24.060,6.449,19.823,-7.480,-54.049,73.967,-54.011,31.912,-75.441,-31.072,-59.115,8.086,-54.092,-28.557,-225.731,-85.265,-24.678,-58.823,-247.061,-219.200,-2.271,-6.087,85.970,35.637,9.026,-16.397,-7.098,9.399,-10.584,61.686,-59.344,31.228,-10.798,93.212,-64.645,4.063,-8.585,-83.256,-47.922,-129.280,-17.981,30.231,-27.368,-39.966,-7.620,-3.282,-19.387,-19.472,-0.294,
-4.370,-4.522,-0.178,-1.381,-1.336,-1.392,2.147,-0.857,-13.226,-8.328,-12.598,-5.510,-6.503,-7.680,-15.247,-31.466,-21.427,55.094,26.373,-38.065,22.399,121.507,34.246,11.670,78.088,100.421,3.906,89.436,-10.282,-8.112,-0.755,-10.260,2.597,0.127,0.868,-0.731,-3.235,-7.624,4.967,-0.076,12.919,-28.355,-5.707,-1.029,6.153,-20.196,1.154,-9.051,19.235,-53.085,13.667,-20.452,166.155,-21.842,11.730,-6.466,15.010,-3.629,-0.503,-19.052,1.627,-7.753,-6.601,-2.218,24.372,-15.227,-11.050,4.059,43.677,-35.140,-15.063,2.739,6.824,-23.892,-6.133,-3.776,5.911,-45.802,3.219,-17.715,81.879,-49.884,42.155,-83.827,44.895,-10.733,2.356,-2.815,1.296,-7.066,1.491,-4.246,14.362,-2.833,-2.123,-7.880,45.589,6.955,3.480,-0.540,-14.116,9.798,5.650,-0.790,-13.332,12.572,22.695,-2.604,-67.406,10.715,31.985,-21.590,23.922,12.981,11.147,6.943,-7.557,1.361,11.202,-2.958,5.709,2.227,4.359,-12.040,20.883,-1.355,2.427,-10.844,-7.053,-3.434,5.257,-5.373,-7.581,-19.040,11.961,-3.563,-34.047,-41.713,-43.083,-0.569,8.035,9.805,3.866,7.892,0.980,-4.141,4.327,-0.882,4.205,-1.466,0.569,-3.938,20.962,-14.735,4.277,-9.007,5.454,-16.283,4.085,-7.104,-3.686,-35.468,-12.543,-2.675,4.969,-32.075,-18.467,-0.253,7.241,6.683,4.068,2.647,0.805,-4.925,-2.687,0.019,17.777,-12.872,-3.361,-1.248,21.129,-15.348,-3.640,-0.784,-5.674,-1.908,-20.699,0.699,4.673,6.867,-2.210,1.288,2.404,4.474,3.370,-0.023,
15.796,9.823,-0.012,-2.671,-45.064,-3.070,-14.542,0.696,-63.435,-46.010,11.038,-41.385,-105.453,140.089,139.173,-155.238,48.680,360.655,74.308,52.138,183.327,163.289,11.670,169.270,28.932,17.364,-1.323,103.456,-5.314,36.421,1.572,19.068,-33.314,0.961,11.105,0.922,44.112,-19.012,62.047,-5.205,-32.113,-4.259,42.644,-31.386,63.042,-81.253,8.001,-34.014,176.803,-217.999,-13.512,41.484,126.884,-85.033,-3.366,48.879,3.585,-4.539,18.117,42.944,21.191,-18.103,16.521,0.518,104.676,-73.962,-17.515,6.797,12.172,-43.592,-10.246,-9.498,48.143,-25.258,-10.930,-20.684,139.122,-127.938,-2.542,-33.412,102.278,-48.110,-0.080,-73.870,-56.930,-36.038,-11.849,30.036,59.759,-32.926,-14.990,-1.205,107.378,-24.726,-33.605,16.684,0.681,-1.377,-4.370,6.364,-29.454,13.829,31.828,-15.007,102.303,-1.881,33.812,-8.625,27.338,0.070,13.732,-21.341,-38.190,-51.586,-29.504,7.217,48.351,-10.621,-4.096,-0.748,80.310,-0.394,2.764,26.320,-5.811,29.634,7.138,36.381,-50.187,7.793,40.147,-13.864,27.201,1.655,23.256,-5.337,4.472,-29.963,4.558,0.411,-45.144,-26.136,-1.860,6.882,6.302,8.358,9.521,-1.512,35.317,12.613,13.632,7.345,-9.538,18.111,35.158,15.453,-76.383,9.211,40.377,-12.603,-30.921,2.301,-5.675,-4.187,15.322,-1.372,7.026,-0.621,-23.062,-26.661,2.632,-0.353,-0.414,2.251,16.727,3.126,30.098,36.589,72.078,4.381,-39.589,-9.156,98.757,3.251,-136.535,-30.476,-5.260,-1.991,-28.573,16.038,-7.714,1.836,3.433,13.144,7.513,-0.137,
90.193,31.823,6.633,2.332,-25.517,-2.641,-14.654,11.837,-202.904,-102.441,-136.430,9.262,-305.174,-152.148,-129.576,-220.042,-199.783,89.419,35.354,-235.810,69.371,318.564,78.088,28.932,1136.282,472.166,81.479,389.302,42.583,-51.036,-4.446,-45.413,-105.127,1.130,-32.751,-3.830,-159.696,-55.288,-89.192,13.778,-65.000,-232.072,-128.260,-3.677,-97.274,-282.893,-93.138,-78.274,24.357,-510.304,-30.102,-143.346,1133.890,-332.983,128.604,-173.651,-47.432,-69.534,-18.522,-92.549,-144.004,-47.308,-99.857,-16.989,7.379,-139.230,-193.572,26.972,86.010,-282.679,-176.111,37.849,-186.373,-140.186,-78.610,-26.636,-76.840,-158.431,16.176,-106.722,284.604,-195.957,270.193,-459.697,-90.558,98.417,-23.984,49.497,-98.706,61.303,-108.719,-18.079,-112.477,-25.772,-64.089,-44.058,27.750,49.813,-7.139,20.644,-297.382,134.884,16.952,-17.534,-159.661,192.621,89.701,-22.477,-486.271,100.251,58.601,-114.857,-156.044,123.086,-29.768,40.269,-151.778,40.287,-46.407,3.720,-129.107,-59.880,29.933,-140.731,9.248,-75.973,-2.529,-110.423,-155.442,-26.896,-17.588,-44.739,-65.047,-72.180,-42.379,-29.021,-211.147,-159.988,-348.059,-5.287,-188.838,-18.013,-25.027,-16.284,-123.174,-24.953,-10.912,-4.507,-33.293,-42.110,13.707,-65.181,12.603,-177.571,5.509,-103.683,52.662,-140.958,-19.726,-46.350,57.858,-235.530,-113.789,-20.543,56.077,-155.387,-181.949,-1.139,-31.969,-40.124,-0.903,-9.530,-37.466,-59.628,-20.218,-9.589,28.606,-63.012,-44.817,-1.357,-34.462,71.649,29.231,-3.938,-59.730,93.656,-26.906,-8.638,85.147,50.573,-14.381,-1.477,30.650,-6.731,-9.139,-0.091,
84.423,23.158,7.530,-1.903,19.115,-12.215,7.692,-2.249,17.023,-4.616,-108.648,-11.455,25.166,-52.751,-151.573,-116.016,-175.321,211.228,44.830,-212.318,-26.968,694.283,100.421,17.364,472.166,751.925,39.866,396.538,-11.612,-43.928,-3.615,-40.619,9.542,0.104,-30.688,-0.599,27.983,-55.625,-61.902,0.347,59.624,-224.432,-66.755,7.094,-51.202,-139.995,1.932,-73.402,-0.070,-172.741,75.832,-179.209,1108.014,83.364,60.592,50.588,41.991,-8.092,-8.936,-89.298,-25.481,-55.637,-115.773,-7.012,142.020,-154.602,-146.115,20.402,189.053,-292.669,-106.272,16.947,-7.271,-222.606,-43.137,-22.136,-22.216,-347.630,1.579,-147.812,725.177,-384.177,216.612,-577.158,142.684,-38.225,-20.912,-14.637,-58.058,-47.225,-55.270,-6.365,-0.508,-6.221,9.805,9.375,168.916,71.948,17.433,49.589,-119.238,100.604,-3.851,8.288,-115.369,142.118,89.492,-10.409,-411.732,136.555,242.500,-207.327,73.807,66.484,25.318,27.704,-95.012,36.795,78.774,-6.378,-89.350,38.379,37.025,-95.990,66.659,70.377,-11.964,-36.489,-112.314,68.710,-16.862,-20.621,-101.341,50.622,45.573,-13.921,-394.029,-127.823,-261.936,-8.389,-33.832,81.135,19.136,3.217,-63.093,-9.044,27.071,-18.065,-50.190,-37.657,-3.962,-68.533,71.172,-145.338,-1.474,-96.472,106.217,-151.276,-25.152,-43.662,17.292,-284.949,-113.384,-20.319,-55.528,-253.989,-235.326,-1.611,-24.542,86.053,23.711,-9.876,-33.178,16.584,-6.589,-9.754,-9.429,-58.771,-25.711,-6.840,34.023,-71.561,-32.927,-1.064,89.013,-28.612,-97.231,-7.911,70.710,-46.745,-34.935,-3.495,1.946,-26.019,-18.057,-0.168,
4.625,0.611,0.302,0.061,8.665,2.534,1.467,3.561,-8.846,-1.033,-10.143,12.831,-19.035,-15.444,-13.449,-10.799,-10.988,-9.121,-0.285,-18.248,-2.088,10.416,3.906,-1.323,81.479,39.866,17.292,25.512,13.466,-0.490,-0.319,-2.453,-6.605,0.688,-4.297,-0.317,-9.981,-3.705,-14.868,4.819,5.962,-23.704,-17.390,6.548,-3.626,-25.758,-6.276,-4.681,-5.944,-39.093,1.958,-14.796,87.222,-22.281,21.472,-16.099,14.794,-5.179,-3.169,0.295,-13.856,-5.327,-14.949,-0.468,1.207,-8.114,-19.682,2.141,13.149,-18.995,-11.456,5.532,-15.224,-1.424,-3.850,1.768,-19.030,1.099,8.011,-10.212,-2.071,-18.053,41.631,-41.309,-20.112,5.331,-6.932,17.058,-18.202,13.496,-13.510,2.809,-15.571,15.513,10.627,-4.126,7.994,16.038,5.472,3.089,-18.596,26.052,1.872,-0.543,-30.552,34.793,8.512,-1.933,-72.229,9.431,8.665,-11.541,-34.970,-2.137,-5.591,6.860,-21.184,12.772,-2.702,3.993,-15.325,0.589,8.230,-14.605,17.458,-6.810,1.183,-10.470,1.953,-3.904,-2.487,-2.699,-19.703,-8.451,-7.908,-2.706,-39.458,-19.414,-34.396,-0.527,-22.934,-7.810,-2.583,-2.136,-12.005,-2.292,-1.221,0.103,-5.070,-4.320,1.169,-6.621,12.060,-18.424,3.148,-8.455,12.837,-19.133,-1.874,-1.573,-6.052,-29.945,-14.589,-2.021,-5.054,-19.794,-19.467,-0.100,-6.371,-4.359,-0.916,-1.577,-4.352,-5.400,-2.765,-0.743,3.315,-1.953,-4.872,1.262,7.470,0.441,3.866,1.678,6.578,-9.296,-8.270,-0.430,-2.922,-5.614,-4.590,-0.153,-0.093,-1.857,-1.085,-0.008,
