185.957,117.227,0.606,29.000,171.455,125.362,-5.263,67.227,-283.148,-32.774,-14.537,-5.907,-232.799,-12.404,22.100,-21.182,31.326,43.504,61.033,7.061,66.708,18.389,3.477,3.704,-16.796,-25.271,-12.437,-3.633,118.373,-25.110,-4.085,10.561,160.970,-63.884,-19.488,33.903,-103.562,-37.563,-12.984,4.193,-122.953,20.466,73.673,-8.431,58.178,36.578,20.252,8.363,11.507,-22.574,-54.285,7.012,-81.250,-23.985,-21.208,-5.533,65.292,-21.670,-23.935,1.280,97.320,-107.942,-34.203,13.799,-47.202,-20.525,49.775,-0.710,-82.008,14.158,62.931,-14.506,71.154,-23.080,-77.868,0.684,-5.445,-17.330,-37.950,-3.107,-102.830,-8.837,-13.896,-3.005,65.443,19.837,-35.976,14.268,-19.415,-30.920,-15.852,4.290,-46.388,-10.904,64.745,-10.679,-77.389,-19.746,-32.457,-11.685,86.612,-9.117,-38.289,2.621,-44.022,-2.346,-4.904,11.032,-107.165,11.753,-4.037,3.326,72.356,32.048,-22.289,2.978,-43.517,-19.704,-26.438,2.132,-19.170,-45.936,-24.708,-4.068,-85.927,-8.443,-26.972,-6.468,83.837,7.008,-4.121,13.383,-79.813,13.105,-1.435,24.812,-95.495,60.402,48.883,8.927,77.520,56.147,-48.235,1.333,38.563,-25.657,-51.987,4.333,-37.762,-28.313,-30.113,10.722,-136.902,2.608,-8.291,-6.049,29.506,15.646,-0.976,24.556,-72.649,43.098,11.417,16.515,-95.638,55.364,45.065,-29.375,90.693,71.245,-29.245,-8.150,43.086,20.638,-14.489,7.272,-52.674,-3.424,-6.708,3.420,-168.525,-33.192,-7.239,-9.051,-30.846,9.720,-0.844,4.373,-38.680,13.222,8.273,-0.226,-65.889,-56.844,-7.954,-81.861,
117.227,243.968,3.016,35.355,86.721,122.512,-0.122,43.833,-231.311,-39.950,-11.115,-13.653,-192.715,-19.569,0.230,-22.636,11.434,35.762,26.010,4.537,55.951,54.248,16.576,2.420,74.628,24.937,-3.916,-7.768,119.025,48.837,1.105,25.204,132.026,-22.868,-15.108,34.297,-100.828,-32.694,-14.513,0.332,-130.549,8.762,12.276,-6.949,29.604,18.312,-39.375,4.928,15.821,-10.656,-48.875,-3.210,-46.834,-12.999,-17.617,-7.306,76.316,-32.402,-46.465,0.405,95.471,-104.879,-38.752,9.266,-39.106,-28.174,28.011,0.617,-73.934,18.326,19.360,-11.277,55.738,-22.686,-87.699,1.771,-2.891,-17.829,-46.129,-3.073,-59.840,-4.963,-14.847,-2.764,64.525,-15.543,-49.419,9.743,13.486,-28.284,-28.921,4.228,-23.923,-0.286,49.038,-4.745,-71.779,-5.810,-3.197,-8.586,70.306,-9.475,-28.095,5.535,-25.742,-4.058,-12.211,1.883,-50.700,1.039,-7.697,-0.357,60.324,3.819,-25.206,-0.742,-28.585,-23.900,-37.305,-0.414,-17.392,-29.099,3.961,-7.855,-92.697,-5.265,-13.189,-6.595,80.888,1.017,-4.890,8.712,-47.450,0.546,-5.525,3.997,-51.393,13.428,6.118,1.892,61.301,36.480,-42.818,-1.137,-2.135,-25.190,-55.136,0.181,-45.572,-28.854,-21.461,-5.723,-134.038,-1.784,-6.392,-8.094,41.704,9.154,-0.923,20.477,-30.860,22.842,0.701,11.655,-54.423,36.829,1.146,-22.169,144.703,155.587,0.904,-0.379,64.338,70.663,-9.103,12.152,-61.276,-14.911,1.817,-6.003,-167.245,-28.402,-8.694,-9.236,-12.353,5.850,-0.799,6.270,-12.805,31.175,1.910,21.368,-29.759,64.386,2.917,-67.258,
0.606,3.016,0.963,-0.012,2.748,5.781,2.009,1.396,-4.168,1.509,0.247,0.936,-6.645,-0.691,0.122,-0.560,2.165,0.061,2.682,-0.045,8.000,0.882,2.936,0.378,1.752,-0.673,0.362,0.095,3.406,14.332,4.378,0.389,0.942,3.908,2.796,0.295,-3.466,-0.535,0.213,0.087,-1.905,-0.064,2.065,0.178,2.551,-0.862,2.744,-0.063,3.190,-2.593,-2.205,-0.632,-0.953,-1.452,-0.638,-0.272,1.974,-1.585,-0.965,-0.316,4.589,-4.639,-1.752,-0.251,0.201,-2.498,1.452,-0.216,0.407,-0.563,4.327,-0.254,2.809,-1.617,-1.339,0.195,1.328,-1.002,-2.114,0.064,-2.128,-0.467,-0.667,-0.132,-1.878,-7.422,-2.543,-0.601,0.340,-2.599,-0.505,-0.634,-2.560,-0.854,1.768,-0.124,-2.443,-0.949,0.921,-0.211,1.617,-0.591,-1.086,0.835,0.512,-0.307,-0.790,1.183,-2.079,-0.337,-0.331,0.326,1.306,-0.842,0.704,-0.320,-2.105,-1.547,-1.572,-0.463,-1.695,-2.172,-0.198,-0.719,-3.575,-0.425,-0.302,-0.329,0.506,-0.090,-0.348,0.296,-1.498,-0.354,-0.541,2.407,-2.427,-0.662,-0.852,2.993,1.087,1.438,0.777,0.111,-1.485,-0.481,-1.265,0.414,-1.510,-1.317,-1.109,-0.487,-4.866,0.041,-0.331,-0.511,0.133,-0.096,-0.059,-0.231,-2.376,-0.623,-0.224,1.122,-0.680,1.290,-0.262,3.662,-2.145,6.509,0.628,0.109,3.105,2.912,0.365,1.083,0.363,1.162,-0.679,0.343,-5.165,-0.687,-0.414,-0.435,0.287,-0.193,-0.051,-0.053,-1.206,0.248,0.001,-0.998,-0.515,-4.886,0.592,-0.396,
29.000,35.355,-0.012,7.315,15.172,20.202,-1.061,10.016,-54.025,-3.400,-2.415,-2.253,-38.281,0.023,3.668,-2.855,5.787,9.124,9.746,1.423,11.773,8.575,1.835,0.585,6.822,1.809,-1.469,-0.787,24.432,-4.987,-1.888,3.871,22.245,-11.409,-4.517,6.765,-21.736,-6.359,-2.293,-0.098,-19.964,2.758,7.750,-1.543,10.331,3.097,-4.589,0.760,0.117,-2.669,-7.682,-0.567,-10.693,-2.575,-2.967,-0.567,12.762,-7.219,-7.118,0.537,15.177,-20.310,-6.607,2.065,-9.593,-4.966,7.233,-0.796,-13.743,2.099,2.138,-2.398,13.147,-3.124,-16.221,-0.191,-5.871,-2.666,-5.971,-1.274,-13.919,-1.163,-1.934,-0.669,12.907,1.702,-6.720,2.351,0.412,-5.020,-1.955,1.020,-6.783,-1.843,11.843,-1.989,-11.858,-2.376,-4.027,-1.988,17.466,-1.133,-5.145,-0.044,-10.093,-0.508,-0.758,-0.644,-13.831,0.864,-0.573,-0.381,13.368,2.405,-3.675,0.133,-6.879,-2.896,-3.802,0.243,-6.322,-5.375,0.024,-1.276,-14.743,-0.806,-3.425,-1.207,19.679,1.354,-0.583,2.230,-12.123,1.650,-0.120,-0.371,-12.191,5.847,8.901,-1.972,13.341,7.863,-8.575,0.083,4.014,-6.089,-9.481,-0.367,-11.488,-5.279,-4.134,-0.762,-25.272,0.239,-1.368,-1.345,10.100,3.535,-0.157,5.901,-9.071,9.583,2.245,1.717,-14.758,7.966,8.561,-7.780,26.712,18.226,-2.233,-0.961,12.223,5.859,-2.166,1.231,-18.388,-5.030,-0.281,-1.776,-34.984,-6.572,-1.035,-2.501,-3.964,2.486,-0.136,1.457,-5.663,7.369,1.577,2.498,-10.682,4.746,-1.160,-16.004,
171.455,86.721,2.748,15.172,2153.666,446.985,57.871,294.486,252.164,-87.573,-19.046,87.563,-2251.132,-287.586,-33.102,-243.392,36.499,141.833,165.894,11.068,316.448,81.646,-6.151,96.026,-105.896,-231.334,-125.074,13.840,40.947,172.093,-14.847,15.424,1094.079,-224.389,-1.451,54.256,417.230,-347.600,-95.791,113.034,-1349.626,-12.669,219.700,-51.902,326.225,143.542,379.340,42.868,417.968,-158.630,-330.063,81.378,-377.224,-206.535,-169.552,-14.628,107.365,501.770,-140.760,70.855,338.969,-211.085,-242.170,12.051,234.310,-280.015,-37.312,45.227,-546.124,-30.881,511.141,-72.682,331.717,-186.757,-209.256,1.073,364.202,-149.654,-287.746,20.761,-510.002,-92.101,-113.791,-22.752,120.071,107.890,-275.786,103.993,-56.409,-90.606,-420.126,-3.646,3.090,-85.024,15.657,16.472,-427.769,-66.527,217.903,-53.452,210.193,-115.988,-248.779,7.772,164.783,-15.919,-103.925,51.985,-484.242,-35.884,-73.486,-13.971,42.720,34.197,-297.746,39.010,-118.180,-171.898,-384.362,-12.248,-0.449,-386.798,-92.972,-41.196,-851.745,-75.656,19.726,-53.132,-5.275,-12.371,-64.209,26.329,-17.085,22.711,-37.537,205.742,-392.000,22.841,-86.959,46.107,23.450,63.700,-400.398,20.016,151.337,-19.633,-296.975,32.717,30.574,-185.110,-143.346,23.081,-1102.971,-37.671,-41.514,-59.557,-220.954,-4.507,-6.977,1.186,-163.996,11.648,-24.414,172.574,-162.175,234.103,-27.190,190.039,-122.275,89.038,-308.998,0.821,674.092,502.455,-65.382,173.721,411.079,197.642,-8.194,94.065,-1263.845,-262.793,-57.604,-86.264,-344.508,-43.358,-6.847,-20.534,-80.294,-40.416,4.152,-17.690,-106.195,-81.556,51.474,-68.500,
125.362,122.512,5.781,20.202,446.985,455.357,9.851,163.716,-273.738,234.757,-19.845,129.690,-578.820,-34.254,-6.632,-20.569,-50.724,30.249,25.471,6.721,-1.738,21.946,6.143,17.478,-29.420,-28.608,-19.123,8.274,28.659,122.811,20.935,7.505,212.781,42.610,-2.637,34.313,-25.927,-20.218,-23.788,51.469,-283.533,33.005,67.572,6.429,-2.828,50.489,60.982,15.928,-23.285,-33.178,-91.627,20.972,-118.866,-30.769,-39.875,1.483,45.595,74.310,-77.411,17.836,120.599,-137.039,-85.107,17.911,-47.228,-38.891,4.690,19.330,-126.461,7.460,98.515,-10.243,84.997,-18.974,-92.640,7.484,11.180,-20.630,-59.405,8.330,-160.573,-13.397,-19.564,-7.590,86.111,-79.736,-95.944,19.805,-35.136,-55.285,-82.274,1.760,-42.346,-22.810,1.655,-10.234,-86.578,-44.353,-31.115,-14.750,133.985,-31.202,-56.871,9.855,8.844,-6.328,-10.377,14.476,-184.077,-9.558,-11.230,-6.631,111.295,1.710,-34.529,2.668,-103.508,3.433,-87.770,-1.357,15.755,-44.921,-55.207,-5.083,-86.734,-24.600,-26.824,-11.111,86.507,-2.383,-12.564,17.218,-18.592,7.622,-14.449,66.551,-183.031,16.973,-35.453,27.170,96.299,100.165,-66.121,5.224,-45.951,-5.667,-92.616,2.244,7.698,-37.667,-43.558,7.859,-133.597,-1.257,-10.862,-14.481,-27.024,0.389,-2.243,14.264,-110.906,28.125,-7.670,89.965,-90.833,150.432,-23.004,65.396,-9.881,204.597,-89.137,-2.576,42.079,97.463,-53.730,36.354,38.176,40.872,-2.748,15.317,-175.060,-53.186,-3.123,-23.246,-94.445,-11.650,-2.306,-4.673,-83.620,-13.980,0.866,-14.419,-0.923,-64.228,4.792,-51.730,
-5.263,-0.122,2.009,-1.061,57.871,9.851,22.112,2.592,21.834,3.007,21.085,0.114,-90.322,-14.671,-1.769,-8.455,2.556,1.139,6.033,0.384,23.707,3.658,3.639,3.222,2.911,-9.252,-2.010,-0.732,3.552,49.953,15.832,-0.903,34.843,21.901,19.754,-1.458,6.664,-8.693,4.921,-4.481,-54.650,-4.402,2.638,-3.560,24.419,-0.836,5.354,1.566,23.305,-12.223,-21.111,-2.779,-23.036,-10.383,-6.722,-2.789,-13.810,23.179,3.564,-7.903,24.927,-7.559,0.878,-2.386,6.212,-15.478,4.386,-2.712,-22.949,-7.295,15.843,-2.709,32.902,-9.110,-17.288,0.572,13.769,-5.352,-18.308,1.029,-32.344,-4.130,-6.084,-1.752,-33.761,-24.548,-13.005,-7.680,15.378,-11.063,-7.113,-4.670,-2.439,3.786,7.129,1.179,-18.575,1.013,10.731,-1.528,21.086,-5.393,-13.917,1.984,3.738,-0.806,-5.083,1.825,-28.983,-3.138,-3.688,-1.031,-15.563,-9.529,0.642,-1.763,-4.974,-9.494,-14.629,-1.197,-5.524,-10.095,4.164,-4.378,-42.596,0.009,2.120,-3.109,9.832,-0.662,-4.137,2.746,7.422,0.812,-3.514,7.919,-24.160,-8.805,-7.431,0.146,-10.904,16.969,-0.813,2.383,-1.987,-1.776,-16.644,3.944,-16.570,-13.652,-10.078,-2.780,-59.946,-1.701,-1.940,-3.492,-1.655,-0.941,-0.190,-0.176,3.520,0.550,-0.786,10.325,-3.220,-6.600,1.961,6.686,-25.596,12.660,-13.514,-4.984,37.483,21.523,-8.487,9.816,-14.303,-1.584,-6.330,2.940,-77.981,-16.240,-5.303,-6.308,-11.490,-2.040,-0.386,-1.079,-0.104,-1.616,0.885,3.109,2.100,-3.052,5.650,20.139,
67.227,43.833,1.396,10.016,294.486,163.716,2.592,152.518,-189.673,38.303,-17.118,129.450,-388.777,-25.560,1.186,-27.569,-13.357,29.396,50.170,2.587,36.257,32.730,4.429,13.398,-28.731,-28.474,-22.270,8.093,4.270,-26.598,-10.422,5.203,130.269,-51.871,-8.829,22.731,21.872,-40.712,-15.367,40.569,-204.488,22.387,49.874,1.218,21.367,24.811,49.297,5.421,25.878,-19.632,-55.630,8.047,-77.003,-14.940,-22.561,1.344,-3.577,-13.781,-48.919,14.861,31.766,-63.429,-36.948,7.220,-3.454,-27.872,5.134,8.834,-101.582,2.469,63.760,-11.953,38.919,-12.659,-53.077,-0.446,18.327,-17.392,-29.592,-1.242,-104.507,-8.019,-6.242,-4.408,36.692,40.852,-30.701,14.586,-41.386,-1.039,-58.059,7.983,-27.628,-17.662,8.650,-5.936,-71.250,-15.376,-1.614,-12.913,56.834,-16.732,-44.581,2.681,-3.663,-4.788,0.404,7.927,-113.734,-4.664,-5.906,-3.087,26.608,30.049,-34.069,7.754,-56.912,-19.476,-57.016,-4.521,-14.642,-61.904,-20.759,-8.797,-131.161,-15.273,-14.480,-10.719,49.933,-1.334,-10.038,8.663,-15.492,6.337,1.361,31.066,-112.509,12.788,-5.634,4.618,27.988,26.936,-57.980,4.252,18.436,-22.371,-49.623,1.739,-13.060,-37.527,-20.976,-2.182,-209.492,-2.498,-6.468,-13.471,8.648,1.686,-0.899,13.390,-29.548,11.841,-3.896,30.182,-66.014,36.919,-0.111,-10.258,17.036,96.918,-37.273,4.136,119.714,72.980,3.496,22.501,-11.518,8.962,8.789,9.596,-281.660,-51.406,-7.152,-17.693,-53.488,-3.616,-1.344,7.250,3.711,15.729,-0.300,34.242,-29.302,91.233,0.887,-66.238,
-283.148,-231.311,-4.168,-54.025,252.164,-273.738,21.834,-189.673,2547.189,-31.549,52.882,-140.251,-92.200,-192.108,-101.923,-142.066,-627.492,-128.636,-254.234,-49.133,-500.288,-58.230,-48.989,-32.447,-107.247,-10.701,49.509,-22.819,-169.143,209.751,-8.070,-18.121,-151.512,71.139,25.166,-120.996,1083.657,-71.258,19.919,-45.013,-206.967,-66.768,-149.398,-17.599,-357.821,41.921,139.141,-21.239,168.361,55.383,188.503,71.499,133.463,-132.364,37.092,5.472,94.728,145.084,74.382,17.071,-228.478,191.329,26.550,-91.688,469.550,-39.800,-124.832,28.869,65.156,-10.595,66.327,11.973,-132.568,-31.761,364.564,-30.214,370.382,-93.401,28.029,30.764,41.767,-88.512,-25.767,-12.487,98.103,-90.982,71.742,3.468,-4.016,114.394,-6.081,-12.185,377.605,56.287,-86.044,67.056,118.551,76.035,337.788,37.058,-223.254,-40.855,90.214,-29.152,352.169,-25.536,-47.850,-36.474,10.723,-55.091,-28.944,-18.057,-25.868,-47.070,-54.862,19.427,177.038,156.133,55.347,27.352,373.180,32.978,59.621,24.483,-22.242,14.516,143.005,19.657,-321.992,-21.134,-23.358,-31.955,311.380,-12.802,-14.612,-10.113,67.095,-97.339,-26.471,-22.505,-107.752,-180.471,-19.715,-17.389,-88.799,187.473,63.170,11.303,465.443,64.788,24.930,17.593,105.502,-28.178,-18.042,7.118,-285.411,-33.860,-6.842,-72.546,225.943,-55.811,0.990,4.032,93.362,34.225,55.645,107.065,-167.357,-244.901,102.048,-97.303,27.447,84.345,37.034,-30.187,859.251,68.550,48.368,-30.669,171.440,-92.984,11.898,-49.615,-158.064,-36.273,-4.701,-48.470,108.834,-55.561,0.773,-52.637,-176.031,-112.920,133.242,164.178,
-32.774,-39.950,1.509,-3.400,-87.573,234.757,3.007,38.303,-31.549,634.735,0.319,150.725,-37.322,213.451,-11.408,96.828,-141.267,-11.866,-74.056,12.734,-173.382,-7.215,-49.233,-11.367,-52.589,34.853,-9.465,9.084,-9.187,145.814,30.499,2.319,-190.596,178.562,24.465,-6.447,-72.897,89.285,19.310,14.680,103.800,19.609,-42.951,30.657,-122.536,15.631,-43.618,0.982,-183.073,65.238,-8.945,12.282,13.903,47.356,-15.483,14.872,4.506,29.046,6.886,27.235,-44.268,-23.609,2.811,7.914,-90.949,48.977,-42.092,-4.407,-3.221,-2.911,-127.668,18.924,-52.075,62.312,38.601,13.372,-99.797,58.726,32.259,25.429,41.139,38.842,14.838,10.115,-0.261,-190.031,-5.133,-12.491,-10.361,-46.452,21.598,-10.420,-25.517,2.769,-91.871,-8.705,68.403,-9.864,-79.063,9.011,7.886,21.402,79.871,-1.088,-33.995,7.460,40.278,-1.647,-3.933,-8.316,33.890,-5.414,78.914,-82.823,38.759,-2.830,-65.685,61.856,24.315,2.476,-31.451,82.689,-21.253,15.794,227.115,3.803,-5.630,15.203,70.688,6.788,21.763,0.752,66.044,2.795,6.659,-24.892,-26.271,-34.710,-11.859,-25.098,50.935,46.880,46.737,10.160,-99.560,34.191,50.840,-7.122,-57.376,34.331,20.911,6.897,313.915,5.482,4.521,3.947,49.573,6.925,4.593,5.835,12.553,24.916,5.047,18.381,10.618,58.733,-1.755,0.042,-76.974,124.688,-0.531,13.171,-163.967,-63.371,-15.648,-21.345,-113.614,57.883,-2.080,14.645,329.997,83.427,34.119,21.570,27.438,-3.001,5.264,7.504,-54.876,22.278,-1.977,9.559,-34.512,-24.252,5.306,113.339,
-14.537,-11.115,0.247,-2.415,-19.046,-19.845,21.085,-17.118,52.882,0.319,60.419,-22.347,-6.039,-6.791,14.765,-6.898,-26.269,-13.700,-22.753,-3.046,-1.544,-9.142,4.925,-6.076,6.373,-4.168,7.283,-4.431,-7.434,4.155,4.031,-4.676,11.252,9.047,12.107,-7.048,28.145,-2.311,20.385,-13.968,-35.908,-6.454,-10.647,-7.627,-6.513,-3.288,-19.605,-0.388,17.043,-2.854,3.174,-4.200,-10.126,-8.514,1.451,-3.183,-35.984,-29.614,2.073,-16.596,-1.201,17.794,17.227,-6.825,26.744,6.235,16.569,-1.471,-16.051,0.110,2.427,0.339,10.877,11.928,7.961,0.389,7.783,1.807,-4.138,2.679,-20.748,-3.035,-3.258,-0.864,-48.309,-22.037,0.618,-8.711,-1.553,18.240,22.388,-5.967,18.059,18.171,17.707,4.361,1.093,13.791,27.506,1.541,13.276,-0.307,-5.385,-1.775,6.283,-2.034,2.048,-6.026,-23.613,-5.708,-1.956,-2.401,-21.951,-10.443,25.528,0.585,0.920,-4.071,6.846,0.696,8.751,-3.096,18.123,-4.868,-34.367,3.055,8.555,-3.775,13.248,-0.599,-1.472,1.639,12.462,-1.564,2.764,-1.679,-27.796,-19.868,-11.192,-7.290,-12.050,21.598,28.528,2.574,-3.970,-2.027,-14.060,5.292,-10.626,-12.783,-6.900,-1.853,-62.040,-1.607,-0.887,-0.663,9.282,-1.261,0.327,2.100,16.691,-2.730,1.525,10.463,-19.563,-11.165,-7.893,4.541,0.306,18.126,11.528,1.032,42.792,0.882,-5.190,5.331,-18.440,-19.970,-3.887,0.102,-88.909,-23.392,-1.662,-4.176,-7.868,-1.687,0.196,3.455,16.144,10.774,1.407,19.173,-28.883,52.528,12.316,5.351,
-5.907,-13.653,0.936,-2.253,87.563,129.690,0.114,129.450,-140.251,150.725,-22.347,322.647,-298.822,-12.578,-12.288,103.951,-105.940,1.678,3.577,-2.891,-51.506,42.269,-17.989,5.569,-34.901,-26.099,-22.142,11.190,-37.175,-24.819,-9.602,7.977,-86.611,19.800,-3.382,7.260,3.630,21.317,3.573,53.354,-49.102,20.362,1.933,35.394,-92.433,14.650,23.014,-4.075,-64.758,13.229,-5.843,5.783,-58.377,-11.912,-4.745,12.406,-17.675,-21.003,-32.320,26.273,-81.533,19.331,10.168,3.735,-79.048,41.190,-12.524,5.557,-60.664,7.040,-27.644,4.985,-25.290,36.561,0.872,-0.511,-7.831,7.644,2.212,-0.152,-84.404,-8.388,8.549,-2.602,33.324,0.021,7.127,5.648,-71.810,4.957,-4.767,10.759,-52.219,-17.994,-49.551,-7.644,-13.350,-0.846,-43.602,-5.031,46.584,1.638,-4.893,-0.199,35.383,-6.399,13.271,1.433,-100.340,-15.994,1.624,-9.129,28.051,-9.238,5.831,5.185,-86.569,4.931,-10.059,2.289,-28.392,-2.380,-14.888,2.207,36.765,-14.123,-27.030,-5.515,78.526,-1.297,-8.343,1.974,87.082,-3.399,8.064,-1.261,-122.369,-27.335,-16.681,-21.007,25.634,17.435,17.686,4.402,-37.070,-4.688,43.593,-3.733,12.054,-7.348,10.260,-6.258,2.039,-1.603,5.156,-12.722,37.854,-1.502,0.844,7.591,55.898,4.443,-5.520,35.588,-78.834,-23.899,-30.470,-15.223,-39.269,109.841,7.869,12.841,21.110,-3.408,15.349,-2.079,20.983,16.557,18.349,6.425,-67.185,0.740,8.416,-2.822,-39.460,-5.688,-0.278,15.571,14.981,16.331,-4.607,75.740,9.288,237.049,-19.999,30.298,
-232.799,-192.715,-6.645,-38.281,-2251.132,-578.820,-90.322,-388.777,-92.200,-37.322,-6.039,-298.822,3726.393,381.476,-4.467,222.927,-135.223,-252.134,-478.712,-42.426,-930.349,-208.892,-143.225,-166.846,-49.769,354.259,185.454,-34.545,-119.979,-55.989,23.819,-28.216,-1279.374,311.397,16.956,-82.759,-669.713,495.325,88.211,-159.012,2050.652,18.469,-339.051,40.718,-549.987,-118.901,-483.219,-43.488,-771.519,273.906,464.448,-63.765,616.758,365.793,241.590,25.950,-58.401,-298.549,173.189,-73.217,-375.284,226.530,275.975,-18.453,-193.190,358.646,-25.997,-41.085,967.332,91.364,-667.623,117.194,-594.479,300.755,448.561,14.078,-521.252,237.543,429.302,4.945,969.081,147.459,165.989,34.531,-132.996,-191.443,229.292,-80.505,272.888,64.760,434.351,-7.826,144.920,158.463,-67.281,-13.497,778.196,136.607,-236.793,93.004,-453.222,176.683,415.535,-18.216,-265.332,29.119,144.333,-66.911,971.011,53.058,84.445,36.205,-85.489,-65.576,244.283,-35.766,351.803,229.305,471.393,8.798,-29.658,603.941,198.534,59.351,1348.537,133.671,32.289,88.997,-199.453,2.045,98.028,-74.806,-119.474,-44.422,30.317,-246.193,849.864,9.261,37.006,51.799,44.437,-232.441,334.807,-38.901,-174.087,47.140,350.475,-56.336,-163.148,303.298,254.853,-32.434,1796.745,79.145,71.396,112.122,214.635,-18.005,4.541,-58.222,77.003,-96.749,17.984,-351.150,566.376,-101.506,28.341,-189.309,286.096,-252.382,274.398,-10.904,-1010.983,-503.830,84.083,-228.988,-650.592,-205.294,21.167,-135.115,2305.487,440.135,84.092,143.282,591.231,51.706,7.154,-1.735,90.556,-29.561,-5.731,-145.244,185.513,-224.963,36.913,-283.827,
-12.404,-19.569,-0.691,0.023,-287.586,-34.254,-14.671,-25.560,-192.108,213.451,-6.791,-12.578,381.476,239.937,12.133,70.785,28.749,10.580,-42.376,22.922,-123.665,-16.270,-36.861,-19.775,-32.377,60.531,2.928,-4.957,0.186,-14.696,3.942,-3.138,-176.616,25.705,-5.586,-6.256,-184.920,45.639,14.294,-25.500,259.617,17.743,-22.834,9.979,-8.824,1.246,-58.260,1.825,-170.981,61.130,31.464,-8.714,69.269,76.555,11.088,10.133,-14.663,-77.575,-6.276,15.539,-31.785,-19.905,13.307,13.432,-110.280,49.660,-2.018,-17.241,32.120,7.174,-118.279,12.527,-87.028,68.438,28.153,13.864,-171.000,64.617,42.419,8.515,150.633,55.697,25.871,19.209,-31.942,-102.447,14.223,-3.301,-1.737,-4.249,44.548,2.453,-73.670,11.452,-26.591,-10.469,42.210,-1.181,-84.080,3.564,-68.087,36.758,58.414,0.595,-125.023,12.183,35.914,-0.458,150.981,13.136,42.333,7.616,9.410,-32.776,47.640,-0.364,-34.738,18.522,47.048,0.221,-83.432,61.556,2.342,8.339,181.257,13.971,-17.905,12.649,33.620,12.097,28.319,-2.968,-65.327,1.878,21.449,-44.876,116.424,5.792,30.102,-9.136,34.300,-6.677,49.622,-0.322,-39.275,-9.683,55.251,-10.569,-80.683,18.816,27.134,-7.025,240.576,6.099,10.563,6.630,102.861,13.937,7.283,12.319,-11.704,6.071,12.002,-52.386,46.862,-19.490,7.509,-58.445,30.992,61.295,44.555,18.136,-147.205,-94.660,7.119,-25.265,-205.094,5.108,-7.000,10.678,261.465,109.948,21.881,42.121,123.249,15.341,7.762,20.274,-5.684,25.924,-1.997,23.767,-41.917,1.757,-5.523,9.563,
22.100,0.230,0.122,3.668,-33.102,-6.632,-1.769,1.186,-101.923,-11.408,14.765,-12.288,-4.467,12.133,45.391,-3.203,65.398,39.273,60.608,4.344,92.858,22.083,17.815,6.435,18.511,-1.037,-2.199,1.754,18.741,-31.275,1.430,-1.130,-0.039,-20.896,0.033,3.366,-40.658,2.269,16.128,-4.765,6.875,12.283,64.279,-2.337,56.096,-8.040,9.050,0.572,38.409,-15.043,-13.971,-8.773,-5.923,1.609,-3.243,-0.856,4.878,-49.207,-1.708,-2.922,9.026,-8.710,12.221,6.495,-23.433,10.974,34.116,2.628,-15.239,0.794,13.598,-2.148,16.018,-5.898,-41.027,-0.329,-20.120,-0.939,-8.207,-4.620,-9.498,3.435,-1.008,0.067,-1.782,-35.107,-6.615,2.869,-7.147,3.610,24.636,1.141,-14.341,-8.066,22.052,-3.927,-28.460,-9.424,-33.352,-3.960,16.718,2.378,-24.258,0.632,-20.795,-0.902,-3.279,-5.957,-6.101,-2.051,-0.438,-3.893,-0.420,-6.210,21.792,0.599,-15.143,-17.549,6.917,-3.973,13.538,-25.047,-16.652,-4.662,-29.491,-4.280,-17.652,-3.894,25.375,4.117,-3.015,5.541,-10.056,0.132,2.862,-6.283,-1.317,-5.679,16.705,-16.227,9.530,10.806,25.338,0.501,17.359,-24.142,-15.215,-2.219,-2.936,-15.379,-13.150,-3.689,-58.964,-0.459,-3.388,-2.843,13.044,6.369,0.059,9.146,11.200,16.042,5.539,4.055,-9.433,-14.037,20.652,-23.589,55.593,15.936,23.925,1.948,17.165,-18.706,-2.372,1.463,-48.276,-6.993,-2.139,2.425,-99.923,-15.798,-1.399,-0.639,-13.491,3.062,0.071,3.104,1.806,17.029,3.358,13.743,-12.967,8.776,4.272,9.868,
-21.182,-22.636,-0.560,-2.855,-243.392,-20.569,-8.455,-27.569,-142.066,96.828,-6.898,103.951,222.927,70.785,-3.203,148.643,-44.524,-22.120,-46.999,7.445,-97.084,-14.585,-22.001,-14.099,-20.456,9.141,4.576,2.822,-23.367,-32.647,1.784,-2.181,-183.353,42.088,4.240,-8.867,-158.996,71.705,16.465,-7.666,208.964,11.841,-33.806,29.010,-71.560,-4.096,-38.803,-2.357,-124.397,33.494,56.507,-8.964,19.689,15.098,19.202,10.106,-28.043,-59.916,36.803,3.166,-68.993,38.672,60.043,3.472,-132.126,71.600,0.854,-11.197,28.780,8.805,-93.177,15.745,-55.111,65.737,47.813,6.731,-75.537,35.730,43.011,-1.524,39.742,9.058,14.507,4.702,-16.265,-22.252,53.753,0.086,-4.330,-11.049,65.800,3.952,-62.297,7.211,-28.006,-8.480,58.201,2.714,-62.011,4.762,13.556,25.371,48.174,-0.311,-18.590,1.547,20.900,-2.240,35.589,-2.493,15.802,-0.527,-8.625,-24.768,39.477,-2.982,-31.668,7.390,53.347,4.295,-63.781,67.614,19.975,8.060,195.306,8.982,-14.728,6.594,57.389,4.126,11.276,-1.472,23.432,-3.099,7.235,-20.867,9.107,-9.872,1.738,-7.635,-2.284,-13.916,64.085,-6.195,-60.577,-4.615,80.286,-7.592,-50.415,23.645,35.671,-5.949,245.644,5.500,16.054,6.412,63.012,3.225,3.656,5.376,16.322,3.052,1.538,-0.573,-11.652,-10.815,-20.236,-1.817,-42.850,16.517,29.069,6.752,-142.596,-81.682,4.526,-22.739,-106.243,-5.111,4.984,3.955,269.637,81.828,19.667,29.489,60.069,7.878,3.043,10.523,-19.184,-3.820,-3.745,22.400,12.799,61.962,-15.449,14.869,
31.326,11.434,2.165,5.787,36.499,-50.724,2.556,-13.357,-627.492,-141.267,-26.269,-105.940,-135.223,28.749,65.398,-44.524,677.715,146.759,259.495,38.987,584.691,44.778,45.095,61.199,21.805,-69.731,-60.746,3.851,48.068,-55.950,11.278,5.780,139.621,-62.239,5.769,34.734,-286.953,-58.487,-13.511,-6.460,-17.858,1.298,116.542,-15.398,534.535,-80.451,5.097,15.921,249.955,-140.319,-171.923,-34.333,-117.755,19.921,-60.785,-11.994,-55.249,-59.049,-2.577,0.447,193.159,-48.427,-17.386,42.931,-67.488,-69.113,44.888,-4.529,-11.560,-52.247,53.093,-21.780,216.945,-116.149,-267.125,15.308,-65.873,-21.162,-113.655,-15.736,-58.398,26.052,-22.881,5.272,-79.334,7.054,-24.372,27.433,34.470,-68.705,-25.670,0.392,-115.240,-66.674,34.298,-11.573,-147.365,-68.585,-109.407,-21.618,82.956,-12.986,-121.524,24.658,-113.130,6.744,-38.575,24.105,26.081,16.603,-10.731,8.301,-95.141,16.673,27.075,9.741,-80.225,-110.130,-66.813,-19.582,-124.914,-130.985,-92.259,-27.765,-230.223,-26.371,-52.203,-20.330,43.350,10.088,-5.972,21.220,-121.695,4.535,-9.517,18.293,37.350,5.103,17.691,0.631,-62.470,-26.301,-16.921,8.718,54.312,-100.485,-97.917,-6.247,-113.366,-71.167,-62.951,-22.180,-297.204,-6.656,-8.121,-24.017,25.187,12.266,0.414,16.755,-65.092,33.097,-2.681,-8.022,63.208,-42.405,31.767,-34.399,-3.079,-121.377,-50.873,7.421,134.083,7.061,-11.774,33.660,-132.142,3.753,-16.642,0.526,-357.628,-40.268,-30.345,-9.248,10.133,6.758,-1.535,5.610,-28.456,44.188,3.753,-41.279,132.420,-84.779,-1.488,-39.812,
43.504,35.762,0.061,9.124,141.833,30.249,1.139,29.396,-128.636,-11.866,-13.700,1.678,-252.134,10.580,39.273,-22.120,146.759,152.105,141.798,21.748,206.811,110.256,10.980,46.924,11.956,-49.488,-31.563,9.068,34.531,-23.109,-3.635,4.221,105.437,-50.309,-5.314,17.105,-25.397,-40.757,-9.747,12.386,-109.646,28.692,126.593,-2.678,177.312,23.649,71.130,5.557,179.149,-37.170,-106.926,3.973,-71.396,-41.753,-39.744,0.950,24.071,-20.416,-33.430,19.701,78.517,-71.836,-31.789,19.345,-26.124,-34.981,29.544,-0.614,-84.718,-8.117,61.656,-12.841,73.608,-74.123,-172.967,-5.916,46.225,-41.313,-77.513,-15.705,-92.676,-5.905,-19.730,0.660,21.341,-39.939,-31.494,33.247,-4.815,-4.647,-28.455,12.669,-36.585,-15.876,25.700,-8.829,-96.732,-50.206,-95.953,-17.498,51.068,-23.692,-100.967,3.030,-12.488,-3.800,-11.669,-0.479,-87.103,-3.964,-4.218,-2.976,18.101,-7.025,2.407,7.259,-49.590,-25.183,-45.414,1.426,21.963,-75.263,-61.363,-4.295,-122.543,-20.904,-51.831,-11.022,64.015,3.635,-11.802,14.098,-9.805,5.813,0.522,11.957,-72.219,7.803,14.967,-22.570,35.827,9.284,-12.454,4.513,53.079,-44.741,-64.411,-0.864,5.022,-48.231,-40.077,-9.150,-206.088,-4.951,-7.919,-13.704,15.870,10.497,0.473,18.048,2.061,41.731,4.056,24.571,-46.726,42.708,49.335,-40.267,73.330,23.583,-13.136,-3.262,90.026,23.976,-22.886,30.687,-54.926,28.952,-3.990,15.268,-298.895,-34.675,-5.487,-7.385,-40.534,5.702,1.188,7.001,-27.075,40.190,2.989,16.687,-49.766,2.557,22.638,-13.588,
61.033,26.010,2.682,9.746,165.894,25.471,6.033,50.170,-254.234,-74.056,-22.753,3.577,-478.712,-42.376,60.608,-46.999,259.495,141.798,418.514,18.117,658.369,194.066,233.764,81.969,218.576,-45.682,-30.822,27.977,44.693,-64.047,16.230,1.870,182.573,-57.758,30.155,22.152,-13.667,-61.669,6.547,15.093,-166.856,25.195,256.750,-5.276,350.356,-34.961,289.223,0.836,467.251,-164.961,-109.336,-22.089,-43.681,-102.138,-64.118,-15.078,-31.786,-94.472,33.503,0.901,113.537,-74.069,27.959,20.336,-44.497,-62.221,85.394,-3.832,-94.286,-38.352,226.092,-28.651,169.104,-173.271,-228.402,-16.031,186.179,-110.143,-147.609,-25.637,-167.055,-32.849,-45.996,-7.827,-54.081,19.632,20.794,12.347,-8.815,-60.857,-8.577,7.540,-83.077,-61.426,60.159,-9.400,-142.872,-94.785,-100.770,-28.047,58.616,-61.199,-180.490,6.661,53.075,-14.789,-52.756,24.473,-159.072,1.362,-24.580,5.860,-53.703,-33.080,-0.288,-2.623,-40.507,-121.130,-58.187,-13.030,17.628,-155.917,-97.580,-9.509,-196.364,-39.006,-75.771,-11.842,43.863,1.225,-34.237,16.510,24.926,-3.239,-13.256,25.541,-113.859,-1.956,9.502,-7.449,-18.097,-70.491,6.011,-10.845,135.945,-113.550,-65.589,0.828,31.940,-83.692,-63.990,-9.874,-305.371,-11.916,-12.435,-26.834,-6.510,9.603,-2.220,11.285,43.242,23.810,-1.532,34.340,-87.239,-41.602,31.683,-12.854,180.030,12.090,56.868,-3.679,221.652,25.130,16.162,26.429,18.212,46.328,-5.285,26.603,-471.150,-68.177,-16.058,-31.774,-85.344,1.428,-2.017,-1.225,9.057,46.921,6.225,22.390,-8.919,19.203,12.112,78.560,
7.061,4.537,-0.045,1.423,11.068,6.721,0.384,2.587,-49.133,12.734,-3.046,-2.891,-42.426,22.922,4.344,7.445,38.987,21.748,18.117,12.516,27.655,-3.110,-5.069,8.849,-16.156,-17.960,-8.156,-1.007,2.819,-3.643,-1.844,0.829,14.612,-15.969,-3.479,2.180,-15.441,-12.833,-3.348,-2.962,-14.258,1.330,11.786,-1.500,45.394,0.333,-2.645,4.493,16.624,-10.534,-24.740,1.670,-35.762,-5.218,-10.004,0.033,4.501,-2.423,-9.190,7.187,17.850,-11.307,-9.541,5.488,-10.665,-2.885,1.953,-2.880,-18.210,-3.164,1.145,-3.254,19.488,-6.060,-37.119,2.174,-5.811,1.096,-17.740,-0.819,-30.031,5.573,-4.284,3.016,8.149,-10.629,-2.505,3.834,-0.460,-2.644,-4.471,2.557,-18.487,0.352,4.354,-2.497,-22.467,-8.951,-20.925,-3.318,14.329,-0.154,-14.716,2.625,-8.727,1.355,-0.372,2.710,-21.389,-1.210,3.772,0.216,10.544,-0.222,8.132,-0.290,-17.237,-5.971,-6.730,-0.180,-11.051,-12.830,-10.075,-1.007,-17.952,-3.911,-8.623,-2.351,18.000,2.793,2.576,4.590,-10.123,3.241,4.220,7.297,-18.464,2.911,7.678,-1.476,7.117,4.936,1.273,-0.354,1.905,-9.689,-5.539,-0.456,-5.087,-9.537,-6.456,-0.556,-25.510,-1.901,-0.166,-2.410,11.266,4.084,1.566,6.653,-4.066,7.338,2.073,8.554,-14.136,-0.353,9.393,-6.586,-12.391,-0.202,-12.405,-0.566,4.458,-1.058,-6.110,1.835,-13.163,3.572,-2.454,5.413,-35.347,3.976,-0.194,4.842,2.044,3.439,1.511,4.820,-4.261,7.805,0.676,8.856,-2.716,-2.185,0.523,11.800,
66.708,55.951,8.000,11.773,316.448,-1.738,23.707,36.257,-500.288,-173.382,-1.544,-51.506,-930.349,-123.665,92.858,-97.084,584.691,206.811,658.369,27.655,1919.460,270.110,461.514,165.061,611.526,-163.403,-33.825,32.904,72.842,-76.324,56.562,6.881,387.698,-50.342,92.867,34.452,-4.170,-89.394,42.700,21.766,-373.889,4.027,330.341,-18.557,705.751,-136.168,278.224,-14.248,1276.238,-412.878,-266.961,-76.006,-116.445,-260.893,-136.868,-57.050,-137.502,-74.211,151.879,-48.125,196.674,-20.124,96.124,9.421,60.609,-146.496,154.524,0.584,-48.491,-126.648,345.240,-60.920,385.672,-333.401,-492.673,-43.211,581.752,-228.624,-328.506,-42.104,-452.645,-85.358,-118.371,-16.055,-184.100,207.497,80.020,5.087,-9.196,-92.666,21.456,-2.008,7.749,-108.604,167.325,4.389,-142.760,-146.536,-48.758,-36.650,142.725,-125.322,-328.058,-4.569,256.688,-31.298,-140.383,70.098,-419.083,18.019,-71.070,29.150,-212.587,-48.096,-35.418,8.567,40.579,-255.070,-108.088,-15.085,11.724,-278.511,-79.627,-38.303,-447.979,-54.873,-62.263,-26.035,52.978,-8.570,-65.142,18.024,113.737,-16.452,-46.840,74.535,-307.724,0.701,-36.917,2.817,-197.033,-109.469,2.991,-25.639,314.517,-160.788,-127.436,17.786,44.142,-140.381,-102.791,-21.611,-630.271,-26.107,-30.040,-58.181,-44.573,6.193,-6.989,14.541,68.540,-20.754,-16.978,141.787,-180.666,-122.245,-19.805,56.547,38.897,-70.691,52.719,-8.980,625.223,82.682,39.694,70.224,201.739,42.188,-10.414,18.417,-886.410,-187.024,-48.010,-81.768,-137.353,-1.439,-5.957,-11.001,12.721,38.324,2.736,35.100,63.305,30.832,-22.637,279.435,
18.389,54.248,0.882,8.575,81.646,21.946,3.658,32.730,-58.230,-7.215,-9.142,42.269,-208.892,-16.270,22.083,-14.585,44.778,110.256,194.066,-3.110,270.110,329.203,171.554,43.122,303.260,157.424,19.041,36.776,-6.114,-96.334,-6.218,5.406,39.534,-14.991,21.439,14.271,-19.779,-19.700,10.018,10.901,-91.351,21.359,140.432,4.027,93.257,4.782,256.456,-14.085,248.536,-8.776,32.061,-14.821,240.130,-15.167,2.604,5.789,-120.032,-108.067,23.079,9.075,-26.621,-0.267,33.683,15.176,-116.199,-20.406,29.684,-7.596,-81.099,-16.495,129.995,-14.478,2.351,-109.326,-70.510,-29.267,109.793,-85.372,-59.059,-44.560,124.728,-13.981,1.008,-11.592,-171.484,16.981,29.562,29.960,-47.185,-14.492,-11.886,10.290,-106.953,-26.394,-5.759,-10.229,-79.749,-51.080,-47.870,-19.667,-51.979,-48.906,-104.482,-18.371,21.363,-16.051,-16.696,-23.532,62.687,-2.568,-9.485,-4.094,-132.834,-50.863,-1.628,-1.094,-63.913,-81.814,-57.158,-5.489,-13.171,-97.278,-78.063,-5.548,-100.952,-29.164,-48.584,-10.896,-6.157,-7.318,-27.578,-9.139,55.083,-20.110,-9.898,-49.216,56.143,-45.368,-48.666,-32.572,-52.884,-44.804,20.626,-16.057,59.544,-78.386,-54.371,-3.792,29.064,-59.645,-49.134,-12.640,-198.802,-11.202,-5.430,-18.446,-13.604,-0.329,-3.094,-5.356,87.546,-2.253,-6.432,-20.787,44.736,-39.642,-42.130,-32.712,163.747,129.862,89.593,-0.226,136.614,27.871,13.611,25.279,-14.307,56.157,7.619,16.415,-312.060,-30.312,-7.602,-28.689,-53.418,2.157,-2.407,-3.480,17.097,33.823,-2.798,26.555,35.596,174.475,-30.405,103.428,
3.477,16.576,2.936,1.835,-6.151,6.143,3.639,4.429,-48.989,-49.233,4.925,-17.989,-143.225,-36.861,17.815,-22.001,45.095,10.980,233.764,-5.069,461.514,171.554,337.516,34.394,419.420,146.251,82.768,31.168,-24.086,-74.259,12.613,-7.459,39.045,8.422,41.956,1.269,7.536,4.349,27.653,-0.509,-37.768,-2.752,111.434,-4.903,123.926,-59.465,273.619,-19.271,360.751,-116.378,129.049,-35.191,229.468,-64.011,28.633,-12.244,-159.096,-76.696,86.348,-33.046,-22.308,51.061,99.861,-2.899,-29.191,-0.692,62.808,-4.434,21.543,-39.112,156.248,-17.583,61.063,-110.856,23.830,-27.397,180.534,-84.710,-30.116,-33.124,57.124,-20.083,-13.032,-7.931,-202.823,117.016,87.759,-20.481,7.421,-13.703,58.215,-3.297,-13.860,-29.871,34.978,3.602,-14.940,-43.306,32.036,-10.873,-33.338,-44.639,-63.817,-10.273,43.039,-16.303,-29.855,9.704,15.639,1.702,-19.715,11.030,-139.835,-55.672,11.394,-12.278,64.888,-90.880,0.583,-3.435,10.091,-63.429,-5.727,-2.470,-65.401,-13.743,-8.467,-2.777,-44.599,-5.076,-20.657,-4.221,4.748,-19.973,-15.361,0.729,26.651,-37.683,-49.319,25.850,-74.079,-95.530,35.160,-23.087,88.326,-74.302,7.470,1.892,31.669,-36.645,-9.191,-10.353,-109.557,-6.489,-2.233,-16.704,-46.019,-2.420,-2.721,-7.568,-2.117,-34.160,-8.780,22.221,1.558,-68.098,-70.518,72.513,158.591,36.847,134.289,-4.989,176.564,12.212,51.611,5.715,61.307,10.983,5.318,-0.643,-195.470,-42.953,-7.551,-27.441,-51.909,-2.228,-3.387,-8.640,-23.592,-17.554,-2.600,6.098,-10.216,48.888,-63.976,140.246,
3.704,2.420,0.378,0.585,96.026,17.478,3.222,13.398,-32.447,-11.367,-6.076,5.569,-166.846,-19.775,6.435,-14.099,61.199,46.924,81.969,8.849,165.061,43.122,34.394,63.203,21.213,-44.061,-21.173,24.309,0.084,-0.738,-0.224,4.615,69.480,-21.612,7.382,4.402,35.127,-29.307,-6.299,8.014,-79.033,8.212,51.778,-0.889,81.107,4.132,69.359,-0.158,158.458,-41.580,-47.547,10.487,-11.001,-39.412,-25.341,4.406,-5.664,-10.376,3.982,8.575,30.355,-24.223,-8.459,3.407,6.064,-33.718,-3.126,-0.806,-26.159,-7.915,51.628,-6.248,33.675,-38.707,-77.842,-7.441,84.475,-33.948,-50.690,-10.702,-34.045,-13.356,-12.046,-2.233,1.764,4.317,15.344,14.923,-14.221,-19.819,-21.123,2.001,-7.609,-20.939,1.369,-4.142,-22.021,-23.533,-21.245,-8.230,1.055,-19.321,-57.029,-0.884,35.872,-6.478,-12.686,4.500,-38.842,-3.816,-5.701,2.364,-0.776,-4.897,-10.408,5.782,-31.426,-31.045,-28.545,-1.827,2.470,-52.233,-25.160,-5.005,-58.136,-10.993,-14.914,-6.821,-8.735,-2.608,-11.188,0.741,21.507,-1.840,-3.348,13.355,-30.688,-6.958,-10.272,3.007,-6.768,-30.113,-15.577,-4.132,27.663,-26.051,-21.667,2.231,13.876,-22.510,-16.721,-0.789,-98.328,-2.828,-3.947,-8.150,-16.812,-1.010,-0.954,-1.716,11.126,-1.285,-4.628,15.984,-14.173,0.166,-3.408,17.891,10.116,-0.509,-11.736,-1.446,83.429,35.773,1.995,24.347,50.203,36.958,-1.803,21.077,-120.493,-20.434,-9.521,-8.638,-32.394,-3.192,-0.979,-1.847,-3.925,4.190,-2.004,4.030,-1.067,19.648,-5.346,21.074,
-16.796,74.628,1.752,6.822,-105.896,-29.420,2.911,-28.731,-107.247,-52.589,6.373,-34.901,-49.769,-32.377,18.511,-20.456,21.805,11.956,218.576,-16.156,611.526,303.260,419.420,21.213,877.031,416.664,184.416,44.772,-33.733,-154.014,0.441,-2.583,-7.933,7.442,53.774,-3.375,-64.321,38.950,47.180,-5.606,13.142,-13.919,83.359,-3.074,87.196,-103.846,230.059,-34.554,373.139,-90.186,231.763,-69.361,583.775,-3.512,106.786,-16.978,-248.868,-71.437,133.597,-56.807,-121.315,137.842,149.262,-7.816,-104.857,46.277,53.677,-3.683,92.409,-61.738,94.291,-19.165,6.516,-121.598,85.634,-43.362,152.295,-84.061,19.575,-56.135,312.208,11.359,20.984,-12.399,-314.476,222.980,98.044,-34.475,-0.534,18.544,65.481,-10.357,1.122,-24.022,-5.366,4.677,38.012,-16.692,78.495,-2.221,-100.262,-39.201,-15.324,-25.953,1.129,-11.622,-24.275,-20.838,230.497,20.588,-14.627,6.111,-232.722,-93.757,-29.580,-18.399,136.063,-89.221,-13.311,-0.367,4.348,-12.680,21.361,-10.662,-39.170,-1.093,24.609,-4.144,-90.975,-8.704,-14.276,-18.998,-7.124,-31.464,-23.323,-66.622,223.913,-58.981,-91.724,-15.207,-164.300,-93.203,40.062,-30.410,103.213,-42.479,21.833,2.342,6.729,-2.092,-1.530,-19.420,-68.786,-6.300,-6.801,-22.334,-77.545,-6.231,-4.117,-18.060,19.922,-55.316,-15.674,-18.671,161.646,-128.763,-146.389,25.675,245.700,115.925,228.206,-11.141,199.646,24.235,68.954,4.600,83.754,10.509,2.763,-9.805,-132.690,-35.256,-15.864,-33.406,-65.366,-1.808,-5.151,-17.031,-21.799,-46.324,-10.960,-15.605,166.924,139.830,-139.915,251.670,
-25.271,24.937,-0.673,1.809,-231.334,-28.608,-9.252,-28.474,-10.701,34.853,-4.168,-26.099,354.259,60.531,-1.037,9.141,-69.731,-49.488,-45.682,-17.960,-163.403,157.424,146.251,-44.061,416.664,569.572,175.588,28.070,-46.255,-106.603,-23.812,-6.785,-149.052,21.601,1.900,-9.643,-139.349,76.866,36.345,-29.144,161.572,-14.915,-39.971,-5.441,-127.597,-68.142,65.819,-25.977,-238.632,106.918,323.050,-49.344,625.463,241.785,175.875,14.578,-175.107,21.688,39.164,-25.550,-181.547,173.004,83.780,-2.903,-158.357,96.125,8.447,-11.512,67.677,-25.604,-49.414,-0.954,-159.311,14.579,268.606,-23.862,-242.227,29.732,166.835,-40.342,595.895,93.433,100.048,-5.908,-252.772,108.034,23.115,-23.397,-19.887,41.781,29.093,-8.885,-40.560,24.480,-48.967,-0.229,30.425,49.178,107.772,7.622,-193.510,26.389,139.138,-24.234,-198.588,3.668,39.165,-50.334,515.688,26.084,29.318,-9.011,-186.393,-76.303,-25.330,-20.405,43.121,-12.561,15.060,-3.647,-76.042,65.344,28.727,-5.139,47.591,24.529,62.187,1.103,-152.790,0.518,22.763,-31.670,-112.452,-24.795,-4.843,-119.459,483.225,-55.173,-46.222,-36.983,-85.072,-29.334,38.228,-23.179,-47.095,14.287,54.593,-7.389,-59.572,43.041,22.631,-2.751,76.004,-0.064,6.425,-1.010,-63.521,-4.125,-0.544,-24.276,-16.064,-43.875,-1.599,-129.818,372.176,-142.370,-95.068,-58.488,270.078,197.138,167.723,-4.729,-7.385,2.608,60.661,-13.497,-41.979,8.157,-4.350,-25.845,145.047,45.498,-12.368,-14.052,-9.204,-1.049,-2.575,-11.748,-5.331,-44.926,-5.706,-45.767,257.346,94.880,-129.837,134.508,
-12.437,-3.916,0.362,-1.469,-125.074,-19.123,-2.010,-22.270,49.509,-9.465,7.283,-22.142,185.454,2.928,-2.199,4.576,-60.746,-31.563,-30.822,-8.156,-33.825,19.041,82.768,-21.173,184.416,175.588,108.683,2.341,-22.802,-31.714,-1.678,-4.384,-71.764,28.295,9.134,-8.085,-17.256,49.126,19.543,-12.636,88.353,-11.126,-27.914,-6.191,-69.457,-30.121,6.551,-13.713,-44.696,23.885,160.715,-20.778,195.754,44.671,90.244,-0.433,-66.837,-12.958,33.847,-19.717,-57.370,80.086,60.158,-6.650,3.313,56.309,16.257,0.486,68.935,-11.297,-21.397,-1.745,-39.247,13.885,127.431,-10.992,-25.365,9.886,81.531,-13.841,136.297,20.783,31.746,-3.824,-87.146,44.556,29.028,-17.820,17.832,29.349,63.561,-6.989,68.643,23.462,13.949,5.767,46.349,23.945,61.224,6.271,-40.469,10.350,61.942,-7.836,-20.058,-0.056,18.687,-13.808,94.837,3.810,5.842,-2.763,-49.455,-25.111,9.556,-6.900,54.279,29.254,50.169,7.788,24.568,57.803,52.943,4.096,42.097,11.983,31.723,1.072,-41.339,0.159,9.885,-7.140,-13.107,-7.836,0.552,-21.888,88.862,-26.135,-21.201,-0.812,-7.713,-6.043,44.183,-7.610,-34.908,28.062,48.228,-0.236,17.302,28.992,18.893,-2.466,62.128,2.321,1.455,-0.847,-29.673,-2.353,-0.610,-4.538,-9.572,-14.465,-0.001,-5.820,65.970,-35.722,-36.949,12.943,114.335,54.828,90.441,-12.969,-40.611,-19.349,15.888,-13.596,19.811,-19.126,4.167,-22.090,69.752,1.159,3.380,-5.134,-19.756,-2.159,-1.387,-4.047,-13.671,-21.972,-1.879,-5.564,56.870,35.875,-36.516,57.539,
