2555.587,765.237,157.451,82.174,246.001,18.448,-0.588,6.795,-125.887,-54.684,-7.946,-11.747,15.708,-112.932,-8.451,12.146,109.536,-203.018,-2.956,-15.174,16.897,-133.830,-8.816,-38.658,-82.251,-87.506,-38.780,-21.006,2431.520,-298.371,58.480,-13.985,236.619,-21.815,-0.689,-0.485,-17.138,56.546,-16.294,-0.088,-9.827,130.119,-11.161,3.964,77.760,41.213,4.337,53.564,-12.119,-228.316,-54.565,4.948,4.679,-273.708,-105.386,-36.983,746.595,-219.317,-36.017,-45.514,181.557,193.094,7.406,-18.200,-4.376,487.125,-37.840,2.299,-96.596,248.521,-55.651,-1.987,-156.025,52.937,-3.002,34.647,67.794,103.373,-11.838,33.873,163.062,453.129,-68.897,-13.578,-4.413,93.370,-66.985,58.026,79.469,66.185,-24.229,12.919,-26.527,71.047,-53.929,-5.169,-170.698,72.375,-39.446,4.310,-160.177,45.674,14.784,37.146,230.922,37.975,33.539,-4.176,7.574,179.272,1.994,-1.344,-221.944,32.395,-65.586,94.434,123.405,-5.081,-20.119,52.588,-20.913,-12.121,-5.227,-1.960,-172.309,6.773,-4.638,0.898,-94.677,20.898,15.528,1.036,248.842,-11.170,21.696,10.735,-85.955,-0.466,-8.854,2.439,-158.650,-217.783,-30.986,44.765,166.690,-19.421,-7.619,85.647,-11.483,-4.367,-8.658,-1.851,-83.393,28.560,1.647,-1.535,-103.440,49.975,119.470,5.109,56.292,22.505,48.579,4.875,-56.155,-56.853,-14.072,1.406,114.861,-119.624,9.249,41.297,109.616,24.368,16.128,43.445,-54.452,-3.958,48.012,-4.805,16.684,-79.417,34.839,5.528,58.504,-25.657,-21.386,-4.317,-40.208,-44.337,17.848,-5.746,-48.021,-39.445,-8.012,-1.346,
765.237,696.818,37.378,74.281,121.854,71.386,1.021,31.729,-54.242,-24.997,-3.157,-3.234,-90.326,-30.959,-7.713,-7.007,88.918,20.416,-8.462,22.536,103.094,1.767,-8.479,4.947,-52.573,-58.565,-18.921,-11.448,849.724,92.191,-1.484,44.647,280.311,4.640,-4.932,43.221,19.556,-62.109,-26.426,4.294,-86.321,-38.818,-16.818,-5.418,29.394,-76.967,2.511,9.308,58.326,-159.170,-30.989,21.576,22.168,-86.117,-45.561,-12.920,103.105,-157.736,-48.816,-19.894,330.959,8.614,-15.595,0.750,65.265,33.051,-37.002,4.425,-71.861,91.465,24.359,-21.373,-97.439,13.988,12.591,-7.357,8.208,-132.777,-19.657,9.080,158.391,96.330,-19.249,-6.552,-299.027,16.376,-51.845,19.272,284.775,11.611,6.618,8.643,55.661,28.384,-5.342,-1.561,-130.492,94.405,7.281,-8.447,-137.289,29.911,6.420,8.374,78.375,-24.589,-0.411,3.647,202.656,47.111,0.358,0.280,-391.347,-1.181,-41.451,22.361,280.437,23.581,9.846,42.750,26.944,-2.849,4.986,2.684,-153.934,1.896,-7.199,-1.737,-125.033,-5.393,-9.226,-2.700,100.857,-23.677,2.669,6.571,173.684,22.332,0.635,1.993,-375.374,-80.360,-28.823,-28.076,209.155,84.564,12.416,71.947,26.745,9.355,-0.434,6.736,-145.529,11.947,-18.951,-0.915,-128.715,15.492,0.328,-0.251,102.962,19.674,27.927,2.007,122.076,22.226,3.319,1.649,-107.400,-53.553,-7.616,-28.405,49.352,55.475,4.779,27.657,-23.731,-0.428,-8.228,3.259,-142.507,-31.646,-111.783,4.881,26.409,80.567,-37.283,3.251,147.783,102.671,54.385,-2.423,42.552,28.132,3.939,-0.774,
157.451,37.378,28.183,4.894,25.841,3.009,0.095,1.373,-9.297,-4.174,-0.828,-0.863,20.719,3.684,-2.220,-2.111,9.565,-8.777,-1.766,-4.268,1.316,-19.370,-1.190,-3.247,-16.085,-29.077,-4.854,-0.895,166.992,-25.563,19.518,-4.386,25.604,-2.785,1.049,0.375,-2.010,3.329,-3.040,0.268,10.118,4.876,-3.061,-0.259,6.278,0.707,-0.676,4.218,-7.023,-1.333,-3.788,2.657,-1.864,3.512,-6.925,-1.490,56.821,-26.202,1.569,-7.303,7.089,3.786,1.343,-0.284,0.919,22.634,-4.467,0.965,3.189,7.310,-2.385,2.675,-11.736,-1.752,1.257,2.158,-9.472,18.726,1.142,3.006,3.086,44.770,-0.716,-0.899,4.956,2.115,-5.806,3.254,0.032,-4.133,-2.696,0.944,-1.179,-3.649,-5.110,0.737,8.069,-2.408,-3.213,2.413,3.821,-3.082,1.191,2.498,-4.666,0.813,2.090,-2.046,-10.608,2.737,0.128,-0.317,-11.603,4.744,-5.078,8.476,-1.914,-0.927,-1.909,1.804,-1.921,-1.131,-0.455,-0.082,8.418,-0.317,-0.292,0.752,13.803,-1.065,-1.033,0.044,-0.901,-2.704,0.048,-0.811,-18.784,-1.941,-0.854,-0.253,-10.117,-11.720,-3.198,5.361,-3.990,-1.329,-2.081,-0.844,-1.319,-0.601,-0.153,-0.146,7.825,1.258,4.276,-0.092,2.309,2.133,7.945,0.795,-6.798,0.938,0.536,0.652,-14.840,-5.030,-1.407,-0.050,6.835,-3.603,-0.670,1.782,1.743,-1.428,0.161,-1.685,0.781,10.272,14.205,-0.345,-0.122,9.833,26.934,-0.670,-11.891,-8.616,0.271,-1.081,-9.588,-10.074,-2.227,-0.619,-9.027,-4.914,-0.983,-0.107,
82.174,74.281,4.894,29.953,10.401,8.969,0.097,5.901,-10.372,-4.712,-1.300,-1.329,-7.540,-10.568,-3.207,-4.658,16.566,6.206,-1.237,-1.379,18.307,9.679,-1.345,1.040,-3.148,-0.483,-1.910,-1.570,123.119,-3.661,7.290,20.151,42.337,1.140,-0.320,7.616,4.252,0.647,-0.902,0.697,-9.269,4.050,4.108,-0.402,-2.494,-12.745,1.869,-3.135,4.298,-21.879,-4.481,0.957,6.338,-5.310,-5.897,1.391,21.576,-35.428,-1.274,-9.849,47.048,-9.058,-1.390,0.287,12.001,-6.835,-2.555,2.438,-6.134,3.881,1.560,-0.175,-5.602,-0.117,3.354,3.270,-0.770,-10.875,-2.058,0.021,20.143,0.767,-4.192,1.536,-27.713,-4.888,-3.596,-5.143,30.441,-7.065,-0.501,1.614,4.281,-12.407,-3.691,0.437,-8.847,-5.157,-1.460,-0.288,-0.479,-1.250,0.825,2.918,-1.996,-2.776,-0.181,2.564,17.224,-0.955,-1.242,0.164,-24.797,-8.019,-4.217,0.853,26.984,-1.860,0.211,3.595,2.912,-1.112,0.332,0.481,-12.116,-0.885,0.049,-0.250,-5.666,-4.567,0.105,-0.447,2.288,-7.252,0.406,0.257,15.054,0.119,-0.003,0.095,-22.688,-8.135,-2.359,13.314,25.276,14.979,0.603,9.735,5.123,0.938,0.387,1.043,-10.531,-1.366,-1.706,-0.226,-7.085,-5.152,1.638,-0.924,2.812,-2.966,3.319,0.016,10.523,2.995,0.429,0.412,-9.775,-10.567,-0.531,14.727,5.244,11.688,2.549,6.617,-3.058,-5.453,-6.633,0.106,-4.198,-16.839,-31.860,5.103,22.758,5.327,-14.967,4.203,25.227,8.556,5.025,-0.261,4.739,2.906,-0.427,-0.119,
246.001,121.854,25.841,10.401,134.770,40.036,4.522,8.702,61.232,30.068,2.990,-2.508,-47.314,0.349,3.348,-4.321,-72.411,-0.630,2.481,11.010,8.542,6.637,8.527,-0.227,94.240,14.902,28.471,-3.094,140.117,-35.320,8.966,-8.749,134.746,7.497,8.073,5.783,25.130,-14.894,-8.842,3.996,-29.402,6.651,-3.967,-1.171,-38.146,4.894,12.470,3.216,10.136,-34.640,1.248,11.774,46.662,-86.582,-13.646,-3.836,-57.622,-31.516,-0.559,-14.676,93.412,0.643,4.094,-0.696,8.753,4.524,-8.999,0.638,-18.980,22.499,5.166,-7.545,-65.568,9.287,9.971,-5.832,19.823,-54.905,-9.041,7.416,104.095,-12.425,-5.448,-2.241,-130.890,40.875,4.824,5.039,70.673,23.926,16.286,4.475,10.233,17.297,2.906,-0.896,-49.670,15.131,0.214,-4.008,-85.295,-6.578,-1.999,-1.053,40.381,-9.909,0.296,-0.134,104.756,-0.618,5.095,2.680,-156.577,58.358,9.494,1.000,58.750,12.136,6.743,9.957,-0.326,0.095,-0.423,0.021,-57.045,-0.776,-3.772,-0.574,-75.116,-2.262,-3.447,-3.528,33.645,2.589,6.058,-0.204,79.319,9.981,8.751,0.935,-151.847,-5.813,-4.554,-15.790,30.928,4.316,-0.604,8.014,1.248,0.487,-0.821,0.349,-56.806,2.625,-5.293,-0.350,-68.275,8.453,7.691,2.005,15.737,12.760,16.711,1.538,66.720,5.457,9.273,0.389,-29.000,-16.943,-3.459,-6.607,18.021,9.188,3.622,5.034,-6.175,1.167,8.180,-0.591,-55.500,-6.919,-22.926,0.390,-37.225,26.315,-5.878,4.013,-4.781,49.074,25.643,0.044,68.593,48.672,13.398,-0.184,
18.448,71.386,3.009,8.969,40.036,28.915,2.555,9.505,29.062,17.262,2.680,-0.667,-54.493,-0.518,0.831,-13.715,-30.290,22.324,1.535,-4.914,37.184,38.854,4.831,2.154,62.379,39.967,13.287,0.662,-7.569,12.164,3.762,1.987,71.074,15.964,7.233,10.980,19.432,-5.103,-2.040,2.982,-34.279,-4.138,-0.368,-1.628,-20.337,4.285,10.765,-6.484,16.011,-24.491,1.836,4.970,32.087,-44.207,-4.584,1.210,-67.613,-14.967,2.467,-8.283,62.635,-11.466,1.543,-0.205,16.620,-42.606,-6.342,0.236,-9.609,-6.602,10.469,-4.187,-27.311,8.016,10.283,-4.789,7.740,-55.179,-7.040,2.720,63.849,-62.108,-4.161,-0.965,-87.353,10.232,4.653,-5.474,51.322,2.236,10.003,-0.650,14.671,-8.195,2.564,-0.584,-23.670,1.088,3.654,-3.431,-45.924,-3.638,-0.973,-4.875,9.317,-12.044,-2.568,-0.592,81.897,-12.600,1.612,0.877,-77.362,21.860,4.932,-8.007,42.274,7.640,6.143,1.569,6.065,0.270,0.920,0.587,-29.894,-0.135,-2.124,-0.540,-48.930,-1.540,-2.977,-2.878,10.288,-1.209,2.059,-1.697,69.609,8.138,4.414,-0.122,-83.239,14.010,-1.494,-12.113,14.560,15.130,3.111,2.495,5.111,1.695,0.111,1.347,-32.459,0.369,-4.582,-0.163,-43.181,4.916,-3.745,-0.484,11.115,7.585,6.269,-0.295,53.077,11.012,5.772,0.055,-38.715,-10.618,-2.732,-9.821,-4.059,3.232,-0.533,-0.539,-4.486,-1.161,-1.325,0.789,-38.884,-10.994,-23.539,0.605,-12.946,14.330,-10.807,1.779,13.799,37.862,15.253,-0.109,40.148,32.607,9.980,-0.086,
-0.588,1.021,0.095,0.097,4.522,2.555,0.490,0.437,5.878,3.254,0.613,-0.075,-2.548,0.847,0.322,-1.420,-5.050,3.144,0.445,-1.235,1.485,5.386,1.036,-0.133,8.330,7.787,2.692,-0.058,-1.326,-0.484,0.855,-0.660,5.396,2.400,1.339,0.170,1.905,0.925,0.354,0.166,-2.208,0.292,0.146,0.238,-2.411,1.455,1.198,-0.559,0.347,-1.764,0.394,0.289,2.785,-7.328,-0.476,-0.085,-4.209,-0.518,0.858,-1.086,2.247,-0.578,0.530,-0.238,-0.045,-3.946,-0.509,-0.024,-0.006,-1.341,0.154,-0.141,-1.626,-0.191,0.563,-0.279,1.104,-5.749,-0.869,0.347,5.162,-7.378,-0.591,-0.043,-4.935,1.304,1.001,-0.765,1.105,1.083,1.184,-0.187,-0.016,-0.657,0.357,-0.059,-1.627,-0.625,-0.090,-0.255,-3.987,-0.834,-0.411,-0.477,1.441,-0.991,-0.195,-0.134,6.119,-0.726,0.309,0.199,-4.894,3.304,1.012,-0.743,0.682,0.680,0.736,-0.220,-0.117,0.051,-0.025,0.003,-2.128,0.005,-0.276,-0.064,-4.159,-0.114,-0.297,-0.328,1.334,-0.052,0.289,-0.276,4.977,0.403,0.575,-0.046,-6.364,2.347,0.226,-1.091,-1.226,0.093,0.388,-0.347,-0.109,-0.065,-0.051,-0.002,-2.308,0.051,-0.336,-0.015,-3.244,0.753,-0.029,-0.083,0.370,0.877,0.609,-0.075,4.042,0.348,0.566,-0.010,-3.523,-0.583,-0.264,-1.000,-1.023,-0.497,-0.106,-0.239,-0.700,-0.467,-0.749,0.109,-1.321,-0.475,-2.090,0.056,-0.829,1.688,-0.893,0.241,-0.818,2.992,0.598,0.020,4.548,3.454,0.955,-0.008,
6.795,31.729,1.373,5.901,8.702,9.505,0.437,6.605,-3.364,-1.081,-0.327,-0.145,-25.998,-4.414,-1.292,-3.643,3.647,3.855,-0.877,2.779,21.328,5.191,-0.558,2.344,6.315,-4.985,-1.415,0.694,3.352,2.696,1.753,2.516,29.291,2.865,1.297,6.658,4.452,-5.899,-2.292,1.430,-14.120,-3.816,-0.940,-1.517,-3.923,-5.010,2.004,-2.974,8.804,-11.253,-1.708,3.922,5.929,-6.807,-1.736,2.478,-23.388,-7.262,0.095,-3.427,29.553,-4.414,0.434,-0.013,8.591,-13.378,-1.404,0.379,-5.381,0.905,5.107,-1.281,-13.336,2.673,4.370,-1.756,-0.028,-18.023,-2.243,1.191,20.100,-7.665,0.626,0.970,-33.821,2.175,0.464,-1.999,24.404,0.347,2.931,-0.087,7.321,-2.106,1.799,-0.270,-7.700,2.666,2.564,-1.183,-16.905,-0.582,0.398,-1.602,2.816,-5.625,-1.193,0.114,26.983,-3.486,1.000,0.825,-26.197,3.514,1.621,-2.473,22.898,1.277,1.844,0.380,3.187,-0.287,0.302,0.146,-9.975,-0.334,0.146,-0.234,-18.896,-1.684,-0.132,-1.011,3.675,-0.386,1.396,-0.590,23.777,5.451,1.401,0.021,-25.863,7.768,-0.025,-2.573,11.273,7.335,0.460,2.074,2.919,0.845,0.127,0.657,-10.581,-0.588,-0.880,-0.054,-16.630,1.065,-0.731,-0.292,6.346,3.833,3.046,-0.145,14.849,4.939,1.584,0.069,-12.671,-3.530,-1.007,-2.626,-1.063,2.641,-0.452,0.140,0.307,-0.106,-2.153,0.860,-11.368,-3.270,-10.683,0.631,-0.245,0.647,-3.157,0.004,8.063,9.117,5.404,-0.065,7.399,6.726,2.905,-0.028,
-125.887,-54.242,-9.297,-10.372,61.232,29.062,5.878,-3.364,473.104,121.126,11.547,45.004,361.257,89.222,-0.759,126.306,-636.452,-108.292,2.261,-77.916,-204.327,7.055,22.148,-42.674,135.226,122.305,70.210,-11.180,-312.643,22.673,-6.826,-30.001,-2.002,96.970,22.067,-7.463,104.344,75.524,10.436,11.900,228.141,-46.657,-24.311,82.402,-205.181,117.360,-5.526,11.633,-143.805,108.633,34.908,-35.014,24.626,-96.784,15.346,0.317,-264.983,145.834,-10.051,-4.993,-75.275,99.035,26.556,-6.983,-14.812,-19.856,6.614,1.323,113.094,-169.697,-33.572,53.907,5.790,24.390,-13.762,39.457,-97.480,86.103,-10.274,-12.011,-20.832,-133.332,-22.209,10.708,-51.942,63.743,-1.419,21.537,-64.158,48.491,33.557,2.587,-8.280,5.305,22.586,1.396,53.021,-36.257,5.821,28.596,16.940,9.049,-15.357,50.793,-110.250,25.699,-11.323,4.684,-15.901,-13.813,-1.903,-3.141,-127.507,85.770,0.069,31.831,-53.060,13.408,-1.526,0.229,-4.278,-0.468,-1.067,-0.715,17.052,3.917,-8.685,5.602,22.646,10.919,-29.281,23.892,-16.591,-15.017,-13.638,10.842,-21.544,-23.996,4.985,-1.235,-109.475,-53.131,-25.851,-26.700,-22.527,-11.341,-11.565,-3.000,4.182,-2.852,-3.504,-0.405,-22.360,-1.543,-31.027,-0.726,43.223,-5.716,-47.748,4.311,45.155,-19.049,-8.926,4.546,21.086,-27.596,4.520,0.097,-66.770,-35.093,-15.654,-22.861,-6.647,-5.761,-1.081,0.992,-6.052,-12.481,-21.661,0.520,-62.917,-7.833,-43.937,-6.162,47.340,75.566,-10.560,5.246,14.636,50.904,-0.117,4.254,81.269,50.207,11.269,1.331,
-54.684,-24.997,-4.174,-4.712,30.068,17.262,3.254,-1.081,121.126,76.314,13.707,10.967,14.562,76.163,18.659,13.265,-181.272,52.157,13.037,-27.445,-49.599,125.754,21.915,-10.702,137.805,231.789,57.548,-2.589,-108.627,-5.795,-0.562,-7.285,13.044,36.024,15.759,-1.266,38.082,58.242,21.900,4.782,10.106,27.643,6.032,19.220,-65.276,37.881,8.117,-1.239,-27.734,19.552,20.697,-11.250,16.031,-89.697,13.276,-5.424,-61.159,21.483,4.725,-2.056,-28.949,2.062,3.235,-3.221,-10.599,-85.106,-16.193,-1.312,29.683,-111.519,-16.934,8.081,37.004,-30.648,-8.628,8.893,11.450,-74.550,-8.523,-1.942,-3.893,-192.978,-18.786,-2.661,-9.436,15.899,-0.514,4.171,-28.542,-3.359,3.438,-2.592,-3.367,-33.917,-2.380,-2.052,2.505,-32.850,3.271,-1.648,-9.209,-9.658,-6.929,0.918,0.580,3.174,-3.429,4.715,21.413,-25.549,-1.917,-1.183,-49.862,36.661,2.068,9.672,-21.448,0.866,0.863,0.431,-2.302,-0.247,-0.670,-0.255,-6.328,1.552,-3.247,-0.204,-23.139,5.407,-6.196,-0.242,13.262,3.677,-1.061,-0.226,22.352,-4.006,3.164,-0.566,-87.365,-8.549,-2.243,-8.049,-11.643,-3.815,-2.024,0.729,-0.421,-1.158,-0.991,-0.267,-11.980,1.880,-6.959,-0.300,-10.618,7.399,-10.637,-0.879,11.998,-0.291,-0.908,-0.509,25.774,-4.296,3.168,-0.109,-53.272,-17.854,-4.111,-15.848,-10.921,-4.353,-1.352,-2.388,-8.025,-3.792,8.139,-0.593,-33.841,-0.250,-10.926,-0.806,7.828,33.855,-21.336,2.717,6.929,29.115,0.807,0.395,40.082,27.308,5.579,0.053,
-7.946,-3.157,-0.828,-1.300,2.990,2.680,0.613,-0.327,11.547,13.707,6.420,-0.359,-11.776,18.615,12.126,-5.489,-32.390,33.328,6.776,-7.298,-7.082,58.915,5.791,-1.694,39.049,97.514,11.876,-0.445,-16.912,-2.597,-0.571,-1.399,3.543,9.679,4.674,-0.423,7.105,25.430,13.581,0.644,-9.921,17.778,6.797,3.712,-9.589,3.136,0.602,0.457,1.376,-4.651,1.471,-2.457,-2.931,-28.922,-1.213,-2.417,1.176,-3.567,0.690,0.904,-3.840,-4.855,-0.457,-1.116,-3.477,-31.174,-6.469,-0.898,5.080,-40.252,-10.032,0.419,22.237,-17.733,-5.787,1.484,11.777,-31.700,-5.114,-0.579,-9.902,-60.286,-6.455,-1.709,7.193,-2.079,0.529,0.046,-4.764,-6.751,-2.057,-1.145,-2.250,-17.979,-4.771,-0.780,-0.808,-15.137,-2.768,-1.799,2.537,-4.736,-1.539,-1.626,3.579,0.524,-0.989,1.769,-0.268,-7.649,-0.839,-0.152,-0.145,2.009,1.699,-0.733,-3.974,-0.958,0.055,-0.888,-0.738,-0.298,-0.185,-0.060,-1.944,0.468,-0.315,-0.206,-3.705,1.466,0.327,-0.731,2.955,2.506,0.881,-0.270,2.101,-0.336,-0.103,-0.058,-8.282,-0.121,2.841,-3.883,-2.907,-1.723,0.773,-1.476,-0.516,-0.312,-0.272,-0.082,-0.831,0.684,-0.026,-0.056,-1.473,3.809,1.980,-0.021,-1.608,2.043,0.825,-0.017,-0.688,-0.400,-0.174,-0.024,-6.217,1.047,0.164,-3.456,-1.900,-1.335,0.302,-0.985,-1.383,-2.003,1.342,-0.355,1.091,1.142,3.512,-0.578,1.258,-0.031,-1.130,-0.275,-5.475,-1.377,-0.978,-0.161,-0.525,0.259,-0.066,-0.035,
-11.747,-3.234,-0.863,-1.329,-2.508,-0.667,-0.075,-0.145,45.004,10.967,-0.359,13.665,42.077,20.261,-1.327,33.204,-80.885,-21.953,-1.321,-6.475,-26.280,-11.106,0.792,-5.489,0.009,8.662,4.527,-1.290,-32.351,0.317,-1.976,-2.983,-7.804,0.394,-1.071,-0.667,5.131,-10.137,-3.216,1.370,34.930,-19.934,-4.903,11.793,-17.481,9.997,-0.930,2.508,-17.388,15.016,8.257,-5.141,-3.243,4.482,8.566,-1.509,-47.079,16.410,-2.823,0.446,-11.569,7.846,3.554,-0.987,-2.052,-3.887,5.696,-0.570,16.148,-14.657,6.058,4.758,3.388,3.924,0.814,3.205,-14.862,11.922,3.594,-2.084,-17.269,-14.660,-2.052,0.816,-10.478,10.251,-4.107,6.785,-5.282,4.551,2.935,1.386,1.439,7.657,9.017,-0.034,8.545,4.287,8.879,3.498,6.110,4.853,-1.396,7.505,-11.341,2.406,-1.430,1.048,-12.535,-0.687,-1.057,-0.288,-24.640,9.851,-3.150,11.783,0.876,3.045,-1.643,3.894,-0.757,-0.704,-0.050,-0.114,5.840,0.521,-1.215,0.668,7.528,0.790,-4.159,2.697,-0.090,-3.639,-2.194,1.806,-6.195,-3.967,-0.987,-0.109,-32.158,-5.998,-4.411,-0.377,3.210,2.272,-2.034,2.388,-0.287,-0.471,-0.551,-0.125,1.158,-0.141,-4.038,-0.129,8.808,-1.933,-6.827,0.085,10.527,-5.578,-2.970,0.273,0.215,-4.001,-0.797,0.026,-20.583,-9.993,-2.461,-4.882,-1.121,0.078,-0.793,0.408,-4.935,-0.019,-0.982,-0.330,-7.242,5.716,-5.101,-0.829,10.833,12.659,-3.247,-0.261,10.423,2.877,0.979,-0.072,1.371,-0.024,0.391,0.037,
15.708,-90.326,20.719,-7.540,-47.314,-54.493,-2.548,-25.998,361.257,14.562,-11.776,42.077,2148.916,126.320,-51.017,400.532,-357.432,-601.719,-49.840,-78.634,-1084.755,-790.364,-28.427,-238.112,-677.833,-883.648,-61.986,-74.436,400.372,-175.873,25.882,-21.895,-185.087,7.178,-17.924,-54.337,20.687,53.618,-81.988,-4.280,1101.095,-446.963,-133.643,174.880,209.459,-34.018,-126.430,153.924,-685.231,628.864,-1.850,-137.081,-387.747,374.890,-15.090,-40.345,410.277,-35.348,-28.030,2.734,-409.767,152.932,3.900,-25.603,-55.498,404.733,-19.471,15.927,446.086,-175.207,-122.017,165.799,305.054,-148.578,-55.388,175.813,-562.791,1046.771,83.181,-56.452,-702.826,1157.177,3.032,-3.045,568.324,-48.177,-75.467,85.052,-484.078,107.572,-3.408,10.607,-82.707,216.677,44.581,16.421,469.404,112.849,-15.188,112.268,751.827,68.659,-23.877,197.795,-446.461,81.368,-24.002,14.369,-1089.735,130.723,-14.436,-17.977,429.334,-81.716,-75.490,154.471,-374.875,-14.047,-23.048,-26.090,-68.849,-8.986,-2.264,-5.244,433.871,6.696,-11.942,21.369,806.148,-37.553,-78.988,81.958,-147.560,-161.464,-109.006,42.143,-898.021,-177.169,-60.021,-7.862,625.827,-255.822,-76.698,153.707,-87.689,-138.031,-52.637,0.470,-32.293,-22.914,-19.842,-6.934,343.666,-7.565,-46.425,4.683,608.136,-100.598,-120.016,22.159,57.636,-189.216,-109.756,15.135,-536.529,-240.774,-76.042,0.179,388.101,39.721,-2.314,121.582,79.528,-24.386,1.738,29.814,-28.442,-36.592,-68.619,0.149,326.424,-13.596,-91.314,7.484,559.846,24.564,-160.448,8.947,91.717,-270.708,-175.871,7.919,-253.252,-235.686,-69.369,4.360,
-112.932,-30.959,3.684,-10.568,0.349,-0.518,0.847,-4.414,89.222,76.163,18.615,20.261,126.320,298.961,39.255,52.977,-217.671,209.950,20.273,-10.754,-142.625,159.273,24.338,-24.893,67.127,365.673,62.045,-11.965,-158.980,-5.434,6.833,-11.171,0.187,18.090,13.106,-7.415,17.365,68.738,48.186,-1.035,56.895,8.451,19.564,25.981,-48.022,-33.324,-23.831,13.831,-35.244,58.605,31.837,-13.066,-66.614,-10.684,52.671,-13.859,-23.058,-7.919,-3.761,-2.550,-51.872,-16.295,-8.002,-9.443,-32.018,-140.364,-10.273,-7.948,79.871,-236.922,-19.398,9.357,129.210,-177.038,-29.191,5.931,15.085,-123.153,5.873,-6.117,-196.026,-241.061,-3.349,-8.164,55.297,2.330,-18.687,13.281,-53.924,-10.668,-11.499,-1.484,-23.537,-38.775,4.970,-2.674,93.857,-38.406,24.658,3.274,89.481,-14.430,2.422,5.773,-42.124,-5.260,-3.557,6.381,-158.094,-43.085,0.151,-3.425,-74.050,46.553,-6.925,36.813,-38.203,-2.096,0.349,3.293,-16.989,-1.147,1.183,-1.388,104.138,8.782,1.675,0.499,87.488,14.371,-6.811,-3.433,-27.133,-10.860,-8.950,-5.591,-115.251,-32.821,-10.612,-2.675,-138.733,14.367,0.757,4.112,-0.663,-8.854,-7.797,4.461,-6.135,-6.002,-4.997,-1.331,106.718,13.374,4.155,-0.953,60.740,23.250,-13.419,-4.165,-17.833,-12.651,-17.860,-2.451,-98.733,-46.299,-16.562,-0.182,-101.830,4.306,0.316,-35.677,-22.741,-10.767,-4.607,-7.451,28.205,12.372,20.946,1.884,114.197,103.705,61.263,-1.283,-15.991,37.332,-42.970,-4.034,-58.091,-58.377,-41.260,-1.976,-61.193,-44.231,-15.239,-0.183,
-8.451,-7.713,-2.220,-3.207,3.348,0.831,0.322,-1.292,-0.759,18.659,12.126,-1.327,-51.017,39.255,40.709,-16.324,-66.244,73.420,23.162,-19.059,-17.858,122.673,11.102,-3.310,93.610,221.294,22.796,-1.463,-36.080,-13.917,-4.128,-3.449,3.469,8.530,6.184,-1.450,10.660,49.923,34.008,0.744,-23.071,46.874,24.572,2.638,-24.130,-1.025,1.765,0.024,11.103,-11.045,4.768,-5.096,-9.030,-48.587,-0.913,-6.045,-7.278,-11.444,1.116,7.044,-8.716,-11.270,2.033,-2.927,-7.997,-61.859,-3.646,-3.526,8.995,-89.417,-21.143,-3.578,55.876,-48.741,-12.037,-3.435,36.342,-73.336,-9.380,-2.357,-36.938,-134.522,-12.750,-1.869,4.699,4.239,3.510,3.817,-11.671,-3.010,2.880,-2.777,-7.314,-34.987,-3.702,-2.546,3.069,-31.605,-3.927,-4.964,9.472,-11.097,-0.841,-5.492,12.283,-4.082,-0.479,3.727,-15.242,-24.341,-0.835,-0.948,-14.207,11.519,7.694,-2.197,-6.070,2.128,2.188,-2.443,-3.248,1.464,1.021,-0.265,3.822,2.849,1.414,-0.435,-6.889,5.999,5.436,-1.478,4.828,6.331,3.711,-0.743,-5.889,-3.702,-1.533,-0.362,-38.208,1.935,10.857,-10.176,-2.345,-6.459,0.876,-2.336,-1.374,-1.108,-0.712,-0.137,12.194,2.808,2.993,-0.241,-7.125,8.097,8.432,-0.281,-8.171,1.524,1.905,-0.262,-9.608,-4.976,-2.369,-0.120,-34.164,-4.524,-0.348,-9.857,-6.684,-2.779,1.203,-2.391,3.700,-6.583,1.838,-0.347,22.861,-0.994,9.413,-0.641,-2.725,-8.593,-7.197,-0.992,-16.468,-12.543,-4.926,-0.845,-9.782,-7.687,-2.274,-0.156,
12.146,-7.007,-2.111,-4.658,-4.321,-13.715,-1.420,-3.643,126.306,13.265,-5.489,33.204,400.532,52.977,-16.324,307.097,-377.718,-199.044,-17.965,134.260,-296.132,-240.994,-13.228,-45.466,-205.976,-316.000,-26.544,-20.248,34.808,-23.666,-9.721,-8.866,-39.113,-28.976,-12.781,-11.923,-13.359,-77.626,-40.236,-1.364,224.642,-173.539,-53.792,61.642,48.989,-39.411,-32.515,68.532,-154.696,85.054,-9.720,-18.843,-113.440,43.717,-2.374,-2.192,-22.624,11.227,-26.357,1.323,-49.074,25.064,10.354,-6.891,-15.971,109.015,20.711,3.638,56.610,52.837,7.382,29.891,-1.969,8.606,-4.174,42.798,-129.103,216.603,16.069,-3.707,-126.952,348.028,7.936,12.708,47.565,0.590,-27.146,25.385,-43.848,50.919,12.477,6.442,-4.703,122.932,41.721,3.892,11.076,107.254,24.218,22.312,73.393,46.555,-8.436,55.690,-19.724,28.724,-4.187,10.153,-180.737,83.323,0.741,0.020,40.980,-14.708,-22.595,46.142,-18.844,-5.027,-8.956,8.934,-15.510,-3.840,-1.751,-1.563,-4.355,1.510,-7.334,3.511,98.389,-14.717,-18.718,15.481,62.910,-33.408,-16.333,12.607,-123.135,-32.331,-10.570,-0.322,91.206,-58.219,-29.198,53.986,51.737,-10.982,-14.569,19.385,-8.944,-5.040,-6.208,-1.718,-17.898,-3.505,-18.001,0.841,70.610,-19.952,-14.062,7.404,88.179,-25.466,-7.831,4.889,-62.805,-48.216,-14.521,1.068,46.297,44.294,-9.519,28.805,41.222,23.321,-1.846,15.390,-24.902,2.631,-17.616,-1.638,-18.281,15.922,-53.832,3.486,115.552,59.583,-8.472,4.403,89.300,-16.639,-5.647,1.344,-42.295,-45.766,-13.311,0.492,
109.536,88.918,9.565,16.566,-72.411,-30.290,-5.050,3.647,-636.452,-181.272,-32.390,-80.885,-357.432,-217.671,-66.244,-377.718,1848.923,91.729,-38.098,-15.781,330.147,-385.800,-46.065,-14.914,-518.211,-747.681,-115.172,-38.389,620.458,-131.712,55.566,19.691,7.961,-138.256,-33.499,4.175,-136.708,-175.407,-93.202,-15.353,-274.672,-26.772,-27.427,-154.493,597.840,-226.368,-4.711,-41.667,237.498,-37.816,-60.804,51.303,-140.964,362.736,9.443,-49.969,561.074,-299.866,73.951,-57.260,26.105,-94.969,-35.399,0.964,33.234,160.553,-43.851,1.174,-136.593,419.035,56.852,-71.058,53.843,-34.262,39.733,-44.787,100.772,131.468,50.643,9.890,-127.392,711.233,99.169,-32.654,248.546,-116.606,25.143,-84.626,-34.627,-43.349,-38.539,-17.591,12.985,59.419,-32.924,-1.018,34.306,128.732,-12.395,-31.494,255.240,-0.229,47.085,-77.423,106.946,-11.199,23.614,-28.742,-273.169,97.887,0.238,-1.807,420.096,-174.330,-6.616,-93.488,-84.169,-44.592,-5.778,-36.556,-5.530,-8.981,-0.377,-0.778,108.666,-10.829,37.525,-8.567,275.975,-25.606,73.019,-40.883,-61.427,1.876,-7.878,-23.468,-266.018,18.321,-24.102,-2.843,562.353,21.600,20.890,0.812,-105.737,-51.487,-1.771,-44.681,-13.951,-7.241,7.174,-1.526,176.964,0.251,106.434,0.441,150.172,8.764,70.736,-12.272,-174.556,4.169,-32.203,-9.850,-256.330,-9.900,-30.277,-1.583,320.388,62.780,39.623,43.097,-27.392,-41.494,-2.028,-26.632,55.305,29.694,64.565,-0.813,310.689,18.853,180.308,7.452,5.821,-183.593,-0.921,-12.016,-221.114,-199.911,-120.766,-9.636,-225.016,-153.597,-50.004,-3.098,
-203.018,20.416,-8.777,6.206,-0.630,22.324,3.144,3.855,-108.292,52.157,33.328,-21.953,-601.719,209.950,73.420,-199.044,91.729,649.872,54.027,-30.760,287.851,655.398,45.279,59.331,314.474,922.338,93.937,16.795,-291.436,29.502,7.021,12.231,94.985,45.513,36.213,10.669,13.571,165.877,125.912,-0.606,-399.030,283.052,115.205,-41.725,-122.167,-19.940,23.470,-61.824,244.173,-127.911,13.922,31.238,42.342,-70.968,19.141,0.428,-86.776,-64.165,24.403,-5.713,108.772,-107.425,-14.810,-2.571,-8.324,-347.179,-13.416,-12.865,-67.795,-266.088,-14.760,-46.836,132.452,-206.670,-42.241,-49.636,262.778,-626.737,-50.509,8.878,-10.097,-795.376,-37.340,-21.528,-89.450,-20.965,20.967,-42.960,98.207,-92.667,-25.765,-10.366,-11.332,-233.229,-51.785,-10.042,-47.052,-188.637,-12.942,-47.152,-99.926,-66.485,-0.403,-75.859,140.177,-43.902,-2.323,5.046,168.053,-139.148,-0.400,-0.933,-142.297,45.245,22.617,-53.837,68.086,0.005,10.670,-7.159,9.860,4.436,1.633,1.182,-28.301,8.339,1.470,-7.624,-151.630,41.009,22.910,-35.150,17.724,60.488,33.613,-22.866,138.095,32.480,8.499,-2.408,-347.883,158.943,30.848,-47.989,-21.510,51.157,17.486,-12.812,4.541,6.879,3.181,1.740,22.669,20.498,13.313,-2.303,-87.298,85.540,40.394,-12.950,-70.568,71.018,25.880,-10.102,5.184,39.835,3.635,-1.017,-229.907,-4.791,-3.558,-62.877,-84.077,-20.900,-2.361,-26.743,18.513,-5.100,14.134,2.984,104.644,103.145,103.838,2.709,-142.287,29.000,36.807,-3.291,-142.756,-8.582,-13.506,-4.914,-47.734,-15.647,-12.728,-1.727,
-2.956,-8.462,-1.766,-1.237,2.481,1.535,0.445,-0.877,2.261,13.037,6.776,-1.321,-49.840,20.273,23.162,-17.965,-38.098,54.027,18.005,-18.725,-5.421,97.255,9.339,-1.472,82.575,176.734,19.833,0.138,-25.549,-14.956,-0.724,-2.111,2.894,8.727,7.082,-1.065,7.457,42.608,27.239,0.346,-21.797,47.878,23.562,-0.706,-23.689,9.998,5.056,-3.762,11.819,-10.882,5.602,-3.745,2.793,-33.318,-0.288,-4.561,-7.401,-7.929,6.169,3.283,-10.398,-10.164,2.527,-2.207,-4.424,-42.296,1.943,-2.630,4.205,-62.803,-11.864,-3.973,40.578,-35.899,-8.606,-4.456,36.344,-63.134,-6.702,-1.193,-18.786,-118.056,-11.663,-2.683,3.888,4.301,5.943,0.286,-15.438,-7.081,0.763,-1.920,-6.195,-34.863,-4.622,-1.722,2.243,-32.099,-4.049,-4.727,5.099,-11.230,0.253,-6.689,15.728,-5.201,0.290,1.278,-5.962,-22.597,-1.679,-0.894,-9.580,11.528,6.481,-4.223,-12.909,1.364,1.094,-2.769,-2.462,0.654,0.412,-0.192,3.326,1.039,0.881,-0.584,-5.113,4.994,4.717,-2.108,3.641,6.109,3.610,-1.538,-5.066,-2.413,-0.642,-0.436,-35.073,3.380,6.861,-8.662,-9.851,-5.466,-0.606,-2.924,-1.747,-0.907,-0.572,-0.175,9.027,2.090,3.567,-0.216,-2.587,7.402,9.254,-0.841,-12.678,1.809,1.449,-0.712,-8.339,-3.999,-1.329,-0.144,-33.194,-8.578,-1.082,-8.132,-8.908,-5.471,-0.306,-2.246,2.135,-4.036,1.045,-0.712,24.212,-5.662,10.318,-0.447,-4.476,-13.573,-6.815,-0.243,-20.768,-10.811,-5.874,-0.565,-4.554,-3.448,-1.189,-0.119,
-15.174,22.536,-4.268,-1.379,11.010,-4.914,-1.235,2.779,-77.916,-27.445,-7.298,-6.475,-78.634,-10.754,-19.059,134.260,-15.781,-30.760,-18.725,244.645,-44.187,-132.865,-16.095,37.585,-186.732,-280.628,-38.187,-8.078,30.053,19.757,-8.769,12.074,21.707,-34.896,-12.895,0.781,-35.775,-91.637,-39.010,-4.319,-95.429,-82.294,-29.013,-5.593,57.696,-99.471,-8.496,34.304,26.372,-28.570,-22.653,38.804,-44.238,96.630,-6.460,11.732,18.909,-29.777,-10.694,-4.208,76.873,-16.469,-3.314,1.947,2.177,47.587,6.985,4.956,-71.245,149.304,47.861,-12.922,-79.972,34.749,15.554,-2.193,-3.583,-45.621,2.857,12.491,20.421,176.646,26.224,14.572,-55.364,-17.183,1.192,-8.811,78.382,18.174,4.268,1.987,11.040,82.237,23.847,2.640,-73.142,91.136,21.901,-8.111,-75.541,19.207,1.980,-0.574,88.896,-22.756,0.220,5.611,46.960,38.431,8.561,7.495,12.097,-30.294,-1.793,-14.443,78.994,-9.035,0.728,6.605,2.202,-0.066,-0.804,-0.484,-75.219,-3.825,-0.544,-2.756,-69.725,-18.150,6.153,-8.286,66.846,0.176,11.535,2.119,69.947,24.402,5.474,1.921,73.569,15.893,-3.156,35.484,89.025,19.092,1.862,17.267,2.498,1.521,0.946,-0.205,-74.272,-4.767,8.920,-0.141,-67.271,-3.923,24.156,1.388,41.657,23.354,24.784,1.555,31.164,24.650,4.853,1.796,76.327,85.133,-1.585,32.320,50.463,49.674,3.054,13.003,16.032,29.403,13.128,2.041,-81.418,32.589,-4.849,4.480,-49.470,23.172,49.732,2.404,42.978,17.245,35.957,0.798,-19.524,-21.306,-7.432,-0.452,
16.897,103.094,1.316,18.307,8.542,37.184,1.485,21.328,-204.327,-49.599,-7.082,-26.280,-1084.755,-142.625,-17.858,-296.132,330.147,287.851,-5.421,-44.187,862.922,277.568,0.022,132.978,192.871,129.233,-14.382,40.575,-141.821,148.251,-5.770,16.067,125.331,4.835,4.159,39.431,-21.705,-82.367,2.336,1.801,-543.066,166.500,36.540,-102.180,-99.810,10.135,65.913,-117.067,403.496,-345.925,-16.061,81.991,219.362,-83.793,15.625,35.347,-184.890,30.957,7.452,-17.437,267.708,-65.327,1.338,15.799,53.220,-148.344,31.096,-4.782,-228.967,191.345,87.751,-78.352,-279.675,129.149,44.549,-90.502,204.586,-474.952,-27.318,27.975,433.534,-397.032,35.499,3.497,-326.206,23.577,35.839,-49.701,315.024,-52.839,8.802,-1.733,58.059,-90.378,-20.657,-4.936,-211.639,-49.057,2.000,-47.634,-399.407,-33.820,11.533,-103.059,155.637,-57.842,16.695,-19.831,618.264,-85.986,9.203,6.298,-226.595,27.414,33.118,-85.635,232.343,9.909,17.934,19.009,45.368,0.768,2.025,3.284,-183.859,-4.913,7.629,-9.211,-409.865,24.184,41.593,-36.433,6.459,66.445,54.551,-25.177,481.593,88.516,26.883,3.576,-288.832,172.529,35.158,-94.718,35.860,72.379,36.976,-8.240,26.420,8.067,8.187,4.940,-141.102,-1.745,26.121,-2.015,-302.926,39.963,47.040,-11.060,-60.243,84.464,46.965,-9.061,286.779,117.839,35.658,-1.260,-182.176,-29.939,1.390,-65.902,-54.509,-2.625,-2.112,-19.148,35.979,38.444,42.439,5.301,-186.871,6.756,74.295,1.472,-305.211,-53.878,71.620,-3.993,-55.877,141.772,76.804,-2.758,139.937,138.782,42.012,-1.388,
-133.830,1.767,-19.370,9.679,6.637,38.854,5.386,5.191,7.055,125.754,58.915,-11.106,-790.364,159.273,122.673,-240.994,-385.800,655.398,97.255,-132.865,277.568,1241.386,87.707,86.952,861.517,1935.922,194.191,66.762,-390.341,59.708,-11.466,24.508,97.041,136.232,79.391,18.747,88.748,425.216,260.043,8.425,-482.951,584.266,231.347,-18.385,-479.752,231.921,86.154,-93.901,192.960,-73.088,70.172,-14.830,260.207,-205.998,14.687,23.097,-178.144,-3.262,24.798,39.128,108.136,-116.059,-2.033,1.791,8.360,-580.295,0.431,-19.654,-52.448,-601.972,-64.398,-42.067,252.326,-230.454,-68.990,-51.074,398.884,-989.479,-112.829,-2.677,118.489,-1787.364,-147.158,-38.504,-150.233,-4.631,26.839,-23.919,93.191,-186.028,-47.960,-15.136,-9.690,-489.795,-108.327,-18.691,-113.315,-434.450,-49.847,-66.768,-201.022,-150.151,-26.546,-85.068,178.531,-100.631,-20.569,22.445,426.054,-314.566,-20.732,-1.373,-276.819,96.027,33.700,-63.101,90.721,12.672,8.790,0.188,29.896,5.223,-0.672,2.722,-145.194,1.995,-12.566,-8.022,-332.247,34.945,8.682,-31.486,47.478,80.385,47.325,-18.317,373.817,55.159,23.877,-0.027,-633.138,151.588,36.346,-88.962,-15.683,86.638,30.770,-9.360,14.456,14.254,6.865,2.852,-118.422,11.382,-27.497,-2.702,-187.865,65.437,28.634,-11.557,-19.087,76.333,49.033,-8.705,197.246,99.599,30.379,-1.015,-382.104,-99.294,-16.826,-80.924,-84.052,-10.477,4.293,-19.243,-51.028,-57.969,-30.008,-5.760,-88.519,-25.961,-14.370,0.537,-122.935,25.052,54.429,3.552,-30.955,99.883,66.371,-3.603,89.280,91.104,24.954,-1.422,
-8.816,-8.479,-1.190,-1.345,8.527,4.831,1.036,-0.558,22.148,21.915,5.791,0.792,-28.427,24.338,11.102,-13.228,-46.065,45.279,9.339,-16.095,0.022,87.707,15.850,-0.644,86.323,171.766,35.346,1.483,-34.679,-8.245,-0.968,0.578,5.928,11.692,7.782,-0.178,10.540,33.644,21.985,1.162,-16.279,36.514,18.375,0.761,-31.665,13.044,6.928,-4.623,6.641,-1.323,14.011,-4.888,7.424,-40.436,7.471,-3.574,-11.188,-3.665,5.995,4.320,-5.380,-3.405,3.090,-1.385,-3.923,-39.889,6.502,-1.551,8.164,-58.910,-5.006,-2.175,31.626,-29.893,-5.295,-3.850,28.194,-69.975,-6.085,-2.323,-8.386,-140.756,-12.115,-4.146,-3.807,3.266,6.178,-0.524,-6.934,-8.061,-0.366,-1.430,-3.358,-30.566,-4.574,-1.251,4.791,-29.692,-1.045,-3.990,0.751,-10.889,0.544,-5.425,8.152,-7.138,-0.088,0.862,3.954,-23.293,-2.051,-0.620,-19.867,17.963,5.050,-1.492,-7.124,0.222,1.548,-1.447,-1.692,-0.315,-0.345,-0.129,2.321,0.667,1.446,-0.486,-6.516,2.286,4.506,-1.831,-3.904,3.903,2.927,-0.971,1.661,-0.091,0.671,-0.147,-50.873,6.415,2.646,-7.961,-9.804,-3.815,-0.034,-2.324,-0.849,-0.714,-0.111,-0.178,5.908,1.988,3.832,-0.157,-4.927,5.274,5.065,-0.754,-12.082,-0.532,0.291,-0.669,0.555,-2.342,0.423,-0.107,-27.231,-12.915,-1.832,-7.808,-6.947,-5.179,-0.804,-1.861,3.535,-2.931,4.403,-0.434,14.175,-1.299,11.025,-0.217,-16.774,-2.875,-8.139,0.429,-16.368,-0.948,-3.983,-0.156,7.264,5.698,1.068,-0.082,
-38.658,4.947,-3.247,1.040,-0.227,2.154,-0.133,2.344,-42.674,-10.702,-1.694,-5.489,-238.112,-24.893,-3.310,-45.466,-14.914,59.331,-1.472,37.585,132.978,86.952,-0.644,63.799,51.436,64.396,-2.786,20.507,-98.198,75.302,-6.897,8.254,20.156,7.433,-2.026,7.567,-7.392,-19.043,-0.987,-1.042,-129.820,41.806,7.690,-18.738,-74.969,3.456,13.228,-17.426,73.312,-80.315,0.244,26.265,73.030,-29.577,-2.931,19.110,-97.675,45.157,-4.289,7.416,80.782,-12.401,-6.069,9.381,9.367,-49.384,-3.632,1.279,-58.478,37.176,19.746,-17.311,-76.181,59.648,9.118,-24.027,42.541,-139.545,-11.202,7.674,127.354,-177.787,-3.081,7.820,-128.303,15.490,5.645,-1.125,102.168,-12.895,-2.123,2.665,13.761,-22.928,-3.907,0.741,-62.771,-11.994,4.229,-12.582,-140.175,-1.939,-0.349,-22.556,35.279,-17.808,-0.381,-0.023,203.092,-24.953,5.052,4.541,-115.838,16.974,6.234,-10.100,90.226,11.068,5.921,12.033,19.211,5.069,1.185,1.641,-65.991,-1.317,-2.542,-2.312,-145.506,0.855,-0.062,-7.733,5.802,15.183,15.257,-3.652,178.027,34.459,16.074,1.762,-131.821,35.864,6.742,-11.773,40.953,42.374,12.223,9.993,11.341,7.123,3.928,1.957,-66.844,-2.599,-9.536,-0.531,-100.406,0.168,-1.475,-2.025,9.080,25.513,22.895,-1.006,114.979,57.701,19.938,0.348,-56.883,-7.988,-2.109,-12.039,6.566,22.340,1.325,1.971,-0.221,0.572,-7.739,1.040,-89.299,-5.413,-35.445,-0.988,-63.235,26.083,36.178,0.091,35.919,66.467,52.782,0.373,49.355,39.981,11.736,-0.280,
-82.251,-52.573,-16.085,-3.148,94.240,62.379,8.330,6.315,135.226,137.805,39.049,0.009,-677.833,67.127,93.610,-205.976,-518.211,314.474,82.575,-186.732,192.871,861.517,86.323,51.436,1128.319,1531.947,227.823,57.868,-329.334,-6.728,-5.734,5.464,91.059,81.223,58.286,15.442,111.327,221.650,176.685,14.194,-314.947,392.190,174.297,-27.062,-424.604,228.060,96.880,-88.591,135.951,-141.073,104.187,-29.145,379.118,-533.535,30.185,4.533,-253.345,42.484,31.594,35.002,50.120,-93.310,12.817,-7.072,3.835,-410.855,25.583,-19.293,-31.449,-409.123,-32.166,-45.739,95.752,-101.634,-15.457,-79.684,303.518,-643.296,-70.571,-9.439,304.173,-1425.639,-113.539,-23.973,-209.917,69.172,56.647,-4.297,51.909,-88.802,5.760,-11.250,-4.240,-287.216,-49.754,-15.731,-88.863,-270.775,-24.300,-48.576,-258.145,-114.485,-8.373,-82.265,64.783,-71.119,-5.089,-3.289,486.593,-226.479,-12.854,-1.010,-338.956,194.279,69.128,-40.824,29.043,37.892,18.022,0.034,7.504,7.996,-0.728,1.787,-103.222,0.919,-2.587,-6.317,-331.669,13.916,13.412,-24.608,-36.016,38.979,32.467,-16.138,400.730,18.879,29.006,2.897,-655.440,87.776,46.954,-107.280,-76.800,31.282,15.327,-14.635,2.377,9.924,5.588,1.479,-92.195,11.729,-8.923,-1.573,-251.652,35.446,12.080,-6.852,-79.627,20.676,19.700,-5.662,321.199,67.806,44.418,-0.843,-378.415,-162.770,-11.968,-94.970,-88.420,-39.745,-3.190,-17.848,-35.358,-40.625,-7.362,-7.896,-73.497,-96.969,-41.580,-11.245,-234.176,-41.222,-59.360,2.004,-50.375,167.090,74.181,-1.375,288.262,238.026,76.135,-0.828,
-87.506,-58.565,-29.077,-0.483,14.902,39.967,7.787,-4.985,122.305,231.789,97.514,8.662,-883.648,365.673,221.294,-316.000,-747.681,922.338,176.734,-280.628,129.233,1935.922,171.766,64.396,1531.947,3619.902,399.922,70.423,-508.780,-25.890,-16.158,29.191,78.881,191.395,135.766,9.931,159.950,723.919,472.353,12.116,-526.314,934.618,434.392,1.586,-807.306,387.490,138.163,-121.047,178.097,91.729,213.056,-84.589,418.345,-192.690,141.099,-31.171,-172.958,-49.037,50.597,99.122,-6.109,-185.020,30.897,-18.600,-13.125,-948.294,87.447,-45.573,56.603,-1199.102,-85.384,-52.089,604.688,-574.120,-123.703,-74.358,693.995,-1530.793,-137.651,-33.260,-101.823,-3215.879,-252.818,-95.059,-80.199,8.926,64.333,-11.367,-46.479,-279.627,-53.619,-31.693,-56.332,-817.966,-129.447,-35.229,-6.005,-773.338,-57.729,-92.775,-54.086,-289.754,-31.208,-109.838,234.054,-202.021,-37.228,35.721,311.943,-598.476,-54.633,-8.819,-426.236,212.781,69.089,-65.627,-21.295,28.940,16.271,-16.682,6.804,2.245,-1.827,0.592,-68.869,3.821,-7.310,-10.385,-277.759,39.326,24.356,-37.408,9.486,85.182,53.932,-18.501,304.238,30.499,13.652,0.005,-1037.667,158.781,67.079,-140.350,-95.175,43.813,22.319,-28.214,-4.426,3.402,1.380,-1.023,-44.178,17.720,-26.567,-4.057,-124.630,72.975,44.602,-15.546,-72.933,63.231,46.122,-10.735,136.172,65.740,20.676,-1.098,-628.812,-211.938,-23.194,-131.215,-129.504,-60.793,-0.713,-27.363,-79.704,-102.547,-53.214,-15.795,67.131,-47.180,-2.235,-5.813,-94.017,-56.447,35.165,1.406,-138.781,17.274,28.139,-6.453,68.686,82.521,25.949,-2.135,
-38.780,-18.921,-4.854,-1.910,28.471,13.287,2.692,-1.415,70.210,57.548,11.876,4.527,-61.986,62.045,22.796,-26.544,-115.172,93.937,19.833,-38.187,-14.382,194.191,35.346,-2.786,227.823,399.922,97.719,1.529,-91.829,-15.225,-0.339,0.502,18.685,21.071,17.075,-1.342,28.398,65.411,47.232,2.514,-28.217,79.672,41.742,1.915,-76.441,34.032,18.765,-11.823,9.299,5.095,41.205,-11.963,25.379,-106.792,35.637,-11.386,-40.261,-1.867,13.770,6.789,-11.964,-14.687,6.595,-5.020,-10.485,-102.057,15.926,-4.976,24.902,-139.705,-6.809,-5.805,77.143,-70.993,-9.945,-10.830,65.773,-162.685,-10.746,-6.033,-19.306,-352.614,-26.069,-9.804,-17.333,10.080,13.289,-2.580,-14.975,-13.406,3.296,-3.959,-7.129,-62.018,-3.905,-3.930,14.835,-62.550,2.308,-8.707,9.595,-24.168,1.265,-13.957,11.581,-19.815,-1.258,-0.111,11.510,-60.277,-4.743,-1.851,-75.002,48.649,12.406,-1.779,-15.701,2.961,4.106,-1.762,-4.109,-0.038,-0.611,-0.339,11.472,2.300,2.473,-1.255,-4.997,4.078,7.104,-4.914,-16.050,4.462,3.808,-3.206,4.972,-3.041,2.289,-0.683,-150.949,5.816,5.713,-24.201,-20.817,-10.429,-0.147,-3.865,-2.882,-1.757,-0.697,-0.459,17.017,3.060,4.720,-0.379,-1.465,8.476,4.367,-1.707,-27.131,-2.167,-0.178,-1.449,4.107,-5.573,2.134,-0.260,-76.343,-35.566,-4.321,-22.985,-19.102,-13.111,-1.663,-4.682,1.411,-8.519,2.126,-1.771,37.525,-5.206,13.102,-3.324,-21.746,-2.637,-20.593,0.118,-38.222,1.549,-9.984,-0.347,24.819,19.693,4.015,-0.200,
-21.006,-11.448,-0.895,-1.570,-3.094,0.662,-0.058,0.694,-11.180,-2.589,-0.445,-1.290,-74.436,-11.965,-1.463,-20.248,-38.389,16.795,0.138,-8.078,40.575,66.762,1.483,20.507,57.868,70.423,1.529,26.492,-49.388,36.481,-3.461,7.585,4.244,9.674,2.491,3.125,0.393,16.216,8.746,0.710,-44.146,38.687,8.209,-5.084,-56.883,38.090,9.556,-10.575,14.890,6.563,9.643,2.733,56.009,-22.905,-2.395,21.070,-36.044,29.654,-6.074,10.790,26.812,3.961,-2.339,5.124,2.984,-19.814,1.538,-0.206,-12.438,-4.188,-1.589,-3.150,-15.689,25.192,2.270,-9.895,11.281,-49.660,-4.461,-0.321,60.382,-138.719,-10.952,-0.169,-38.381,2.802,-3.782,-0.836,33.485,-10.396,-4.945,0.580,5.735,-30.864,-9.508,-0.750,-13.140,-29.518,-5.209,-5.032,-48.750,-7.865,-4.406,-7.676,0.225,-9.705,-2.157,0.218,82.857,-28.214,-0.203,0.519,-41.806,6.674,1.201,-4.704,29.035,7.255,0.535,3.342,10.389,3.748,0.246,0.970,-19.194,-0.333,-1.735,-0.565,-58.553,-0.165,-1.726,-2.375,-5.373,1.965,3.453,-1.747,67.612,8.345,8.227,0.830,-63.157,24.993,1.172,-3.702,1.017,26.147,4.566,2.388,5.164,5.989,3.360,0.944,-20.750,-1.243,-6.645,-0.188,-41.317,-4.116,-5.565,-0.954,1.307,-0.335,5.161,-0.865,52.509,22.737,11.131,-0.129,-42.773,-7.386,-1.334,-7.017,-8.973,4.151,1.251,-1.325,-8.250,-3.903,-6.157,-0.352,-37.652,-2.773,-16.234,0.528,-32.043,12.646,8.648,0.366,19.162,30.542,26.420,-0.480,35.306,28.408,10.400,-0.099,
