416.292,185.138,122.227,4.361,260.916,536.716,50.987,37.321,-175.358,185.753,-137.189,90.470,-250.115,-173.263,-30.991,-55.639,-110.056,-33.457,-1.104,-38.287,-3.343,-0.690,0.000,-0.849,0.000,0.000,0.000,0.000,457.469,166.154,152.849,7.383,-34.161,128.173,-80.469,18.287,-81.917,42.899,-173.248,119.155,-13.759,-17.609,-20.952,-0.229,-155.028,-6.850,-3.371,-87.952,-24.474,-2.331,-0.053,-11.843,0.000,0.000,0.000,0.000,447.570,141.686,33.872,-3.160,-181.126,-44.782,-226.790,1.629,-103.715,6.981,-117.856,59.783,74.488,51.532,-6.646,87.465,-115.778,12.174,-1.326,-89.157,-72.033,-2.057,-0.109,-53.991,-1.929,-0.690,0.000,-1.949,115.656,-21.094,-157.063,-4.032,-182.344,-40.280,-178.703,0.000,-53.143,3.103,-35.527,11.712,101.703,41.247,0.723,90.472,-8.580,47.421,-0.686,13.621,-102.246,13.784,-1.133,-103.635,-20.558,-3.622,-0.212,-21.930,-161.825,-200.433,-138.865,1.443,-111.499,-24.866,-71.572,0.000,-16.751,-0.601,-5.783,0.143,41.872,14.724,0.188,26.511,82.722,56.512,0.840,70.091,-41.187,59.940,0.546,-62.074,-66.136,0.033,-0.486,-61.070,-230.930,-130.036,-56.670,-4.850,-54.484,-9.899,-19.667,0.000,-1.963,0.000,-0.690,0.000,2.846,0.000,0.000,0.529,62.208,29.261,0.558,31.638,27.735,55.122,0.035,10.690,-98.779,56.909,-1.017,-63.424,-153.887,-134.816,-14.536,-3.708,-25.678,-6.863,-5.849,0.000,0.000,0.000,0.000,0.000,0.000,0.000,0.000,0.000,22.659,3.604,0.000,8.350,73.433,76.197,-0.212,32.156,-78.530,204.843,-4.706,-66.683,
185.138,180.055,63.895,6.366,41.665,275.284,12.180,11.405,-78.963,77.301,-55.856,42.676,-86.745,-80.241,-11.373,-12.891,-44.321,-15.097,-0.513,-15.182,-1.404,-0.290,0.000,-0.357,0.000,0.000,0.000,0.000,158.959,183.385,74.777,11.877,-91.455,95.280,-50.084,7.123,-37.453,1.931,-72.079,66.003,-2.466,-30.701,-10.303,9.003,-67.630,-8.403,-1.482,-37.829,-10.704,-1.004,-0.022,-5.105,0.000,0.000,0.000,0.000,89.107,79.518,-18.291,1.077,-149.517,-10.059,-117.814,0.539,-44.722,-0.408,-50.415,32.435,34.843,1.390,-3.974,56.723,-61.076,-7.961,-1.712,-39.276,-31.662,-3.841,-0.029,-25.887,-0.970,-0.290,0.000,-0.825,-89.876,-56.602,-110.242,-0.884,-120.516,-19.089,-86.414,0.000,-22.564,-0.147,-15.137,7.690,56.122,10.162,-0.458,57.700,0.337,5.825,-1.576,5.495,-58.850,0.061,-0.537,-52.965,-11.988,-1.128,-0.089,-10.428,-180.695,-125.441,-78.000,-1.566,-67.795,-12.018,-35.015,0.000,-7.175,-0.290,-2.429,0.466,23.612,4.394,-0.000,21.830,49.217,12.378,-0.165,48.268,-31.432,21.083,-0.750,-38.951,-36.845,-3.875,-0.223,-32.134,-156.627,-83.050,-30.338,-2.512,-30.590,-5.017,-9.428,0.000,-0.825,0.000,-0.290,0.000,1.760,0.000,0.000,0.616,52.105,7.941,0.122,34.829,5.453,21.171,-0.107,-3.936,-64.967,23.779,-0.446,-43.621,-98.330,-72.380,-8.364,-1.461,-13.643,-3.550,-2.524,0.000,0.000,0.000,0.000,0.000,0.000,0.000,0.000,0.000,28.527,1.620,0.000,12.514,63.570,60.298,-0.089,33.711,-86.165,140.781,1.554,-49.080,
122.227,63.895,60.037,1.105,73.414,188.682,43.775,12.718,-56.662,73.986,-41.828,44.935,-76.161,-68.663,-10.634,-6.148,-42.638,-13.725,-0.425,-12.670,-1.209,-0.250,0.000,-0.307,0.000,0.000,0.000,0.000,160.608,70.461,85.742,1.944,-32.847,30.340,-9.440,6.483,-30.227,-7.256,-59.813,52.635,6.043,-26.928,-7.092,14.236,-58.312,-9.330,-1.247,-29.826,-10.078,-1.038,-0.019,-4.671,0.000,0.000,0.000,0.000,129.631,54.746,31.788,-0.704,-97.174,-25.034,-80.225,0.282,-48.132,-9.333,-43.176,23.076,33.248,1.177,-2.355,51.960,-49.065,-5.165,-0.633,-26.800,-31.226,-2.991,-0.097,-21.411,-0.989,-0.250,0.000,-0.730,-31.128,-18.591,-55.094,0.637,-89.695,-17.006,-66.976,0.000,-23.287,-1.374,-13.028,4.480,31.596,4.348,0.309,45.970,-3.154,3.880,0.148,25.723,-49.613,-6.870,-0.408,-36.615,-11.350,-3.961,-0.077,-8.673,-143.550,-91.107,-57.765,0.657,-52.468,-9.390,-28.319,0.000,-6.182,-0.250,-2.093,-0.010,11.878,1.778,0.123,12.870,30.620,10.693,0.835,44.441,-20.568,7.376,0.562,-8.660,-41.111,-13.515,-0.170,-23.983,-126.100,-68.386,-22.829,-2.262,-25.050,-4.732,-7.719,0.000,-0.710,0.000,-0.250,0.000,0.375,0.000,0.000,0.060,26.344,6.196,0.397,19.679,5.508,13.489,0.264,24.309,-66.871,5.700,-0.362,-14.067,-68.151,-57.283,-6.254,-1.450,-11.438,-3.059,-2.289,0.000,0.000,0.000,0.000,0.000,0.000,0.000,0.000,0.000,11.249,1.300,0.000,5.323,24.449,20.660,-0.077,28.349,-81.869,69.478,2.875,11.415,
4.361,6.366,1.105,0.380,0.297,5.883,-0.239,0.432,-1.029,0.332,-1.082,1.418,-2.718,-2.155,-0.217,-0.385,-1.055,-0.287,-0.008,-0.383,-0.021,-0.004,0.000,-0.005,0.000,0.000,0.000,0.000,0.561,4.161,-0.324,0.688,-2.025,1.648,-1.431,0.246,-0.009,-0.517,-1.210,2.167,-0.783,-0.990,-0.172,0.869,-1.872,-0.289,-0.023,-0.784,-0.206,-0.024,-0.000,-0.090,0.000,0.000,0.000,0.000,-1.482,-1.315,-1.698,-0.033,-2.201,-0.527,-2.324,-0.002,-0.937,-0.329,-0.846,0.979,0.055,-0.327,-0.069,2.158,-1.962,-0.312,-0.035,-0.419,-0.744,-0.132,-0.005,-0.484,-0.019,-0.004,0.000,-0.013,-2.987,-2.231,-2.066,-0.063,-1.101,-0.352,-1.319,0.000,-0.385,-0.047,-0.233,0.163,1.042,0.092,-0.012,1.355,-0.448,-0.112,-0.051,0.769,-1.616,-0.308,-0.023,-0.792,-0.287,-0.089,-0.001,-0.205,-3.045,-2.204,-1.123,-0.059,-0.324,-0.123,-0.451,0.000,-0.109,-0.004,-0.037,-0.001,0.348,0.109,-0.001,0.507,0.661,0.074,-0.022,1.390,-1.013,0.126,-0.032,-0.084,-1.201,-0.270,-0.003,-0.352,-1.415,-1.045,-0.250,-0.064,0.057,-0.005,-0.098,0.000,-0.013,0.000,-0.004,0.000,-0.008,0.000,0.000,-0.002,0.893,0.065,-0.003,0.928,-0.323,0.031,-0.008,0.367,-1.785,0.539,-0.007,-0.206,0.844,0.007,0.020,-0.031,0.210,0.003,-0.020,0.000,0.000,0.000,0.000,0.000,0.000,0.000,0.000,0.000,0.772,-0.001,0.000,0.230,2.039,1.411,-0.001,0.497,-1.556,2.455,-0.008,-1.204,
260.916,41.665,73.414,0.297,905.725,520.923,183.395,43.968,67.383,386.224,-204.314,213.493,-621.994,-363.751,-114.184,-66.926,-365.992,-99.413,-3.094,-119.321,-13.230,-2.939,0.000,-2.972,0.000,0.000,0.000,0.000,468.189,63.031,155.076,-0.827,342.370,82.116,17.187,14.972,-73.997,92.646,-314.831,198.554,-3.290,-27.525,-66.937,125.898,-392.846,4.435,-7.656,-168.626,-78.575,-5.473,-0.276,-36.548,0.000,0.000,0.000,0.000,688.303,138.178,122.684,-6.901,75.255,-74.588,-258.589,1.198,-172.188,-23.497,-267.252,75.324,116.388,136.672,-23.714,198.491,-219.083,84.119,-0.366,-73.733,-195.725,-5.438,0.341,-103.797,-4.355,-3.083,0.000,-6.368,509.873,81.563,-90.859,-13.191,-102.045,-55.976,-282.305,0.000,-114.168,-7.654,-89.346,6.942,81.630,53.897,1.184,108.225,-11.307,98.530,7.548,143.521,-214.714,0.765,2.149,-95.465,-61.606,-18.956,-0.332,-36.710,151.458,-140.967,-162.298,-1.720,-82.925,-22.574,-134.486,0.000,-34.027,-2.050,-17.034,0.274,21.831,11.678,0.340,18.909,49.781,49.482,4.579,123.559,-47.432,57.781,4.968,65.802,-173.359,-48.099,-0.760,-64.211,-128.428,-93.932,-86.418,-3.512,-52.642,-0.501,-37.882,0.000,-5.236,0.000,-2.111,0.000,0.706,0.000,0.000,0.312,18.825,13.505,1.112,21.224,17.587,51.855,1.162,92.026,-152.838,46.314,-0.110,1.584,-120.089,-161.892,-29.866,-7.417,-45.939,-10.114,-14.234,0.000,0.000,0.000,0.000,0.000,0.000,0.000,0.000,0.000,-2.551,3.516,0.000,-2.114,10.631,18.814,0.451,12.860,-62.811,112.516,1.411,61.039,
536.716,275.284,188.682,5.883,520.923,919.582,127.177,47.317,-229.786,463.653,-236.806,167.805,-381.117,-301.332,-62.601,-70.939,-230.376,-69.344,-1.999,-76.930,-7.030,-1.550,0.000,-1.914,0.000,0.000,0.000,0.000,730.245,360.484,321.036,10.131,-37.159,273.459,-81.619,22.039,-203.757,99.759,-334.470,197.633,29.239,-59.245,-43.379,42.356,-289.153,-15.594,-5.435,-155.777,-51.154,-3.637,-0.153,-25.620,0.000,0.000,0.000,0.000,759.716,387.420,122.897,-0.938,-346.719,-35.704,-412.539,1.626,-252.377,-5.507,-253.602,90.289,157.474,63.179,-16.340,171.667,-187.991,18.830,-2.439,-144.309,-144.243,-6.699,0.358,-104.338,-3.098,-1.578,0.000,-4.454,125.857,1.252,-285.503,-1.652,-380.055,-67.395,-367.946,0.000,-131.690,-2.233,-82.159,17.159,166.551,49.704,0.401,157.249,12.650,62.922,3.356,58.440,-203.413,3.275,1.604,-177.385,-48.377,-9.294,-0.266,-42.046,-390.223,-388.225,-293.565,1.135,-235.719,-41.180,-165.307,0.000,-39.140,-1.395,-14.283,0.856,60.612,17.655,0.501,48.050,145.504,62.055,5.287,151.587,-73.100,89.493,4.962,-87.039,-146.784,-11.601,-0.654,-118.273,-481.094,-296.075,-128.945,-9.457,-114.706,-15.377,-47.775,0.000,-4.813,0.000,-1.884,0.000,4.790,0.000,0.000,1.221,113.921,32.614,1.469,68.052,50.290,94.710,0.851,32.945,-203.021,93.451,-1.869,-122.737,-319.931,-274.846,-36.779,-6.672,-61.303,-14.876,-13.780,0.000,0.000,0.000,0.000,0.000,0.000,0.000,0.000,0.000,40.727,5.743,0.000,18.020,130.886,126.591,-0.433,69.193,-175.361,386.759,2.611,-99.709,
50.987,12.180,43.775,-0.239,183.395,127.177,151.602,6.493,-3.666,142.605,0.605,87.811,-126.659,-110.835,-33.347,24.385,-111.123,-37.050,-1.172,-31.397,-3.943,-0.987,0.000,-0.779,0.000,0.000,0.000,0.000,144.993,35.815,119.412,-0.458,68.921,-0.919,97.679,2.037,-59.367,-32.179,-77.475,73.746,45.539,-69.600,-21.956,80.500,-116.797,-19.990,-3.400,-43.972,-27.151,-2.970,-0.093,-12.966,0.000,0.000,0.000,0.000,178.207,63.394,147.147,1.939,-78.219,-46.429,-49.428,-0.195,-121.079,-38.930,-93.643,19.283,63.719,-13.792,-9.254,105.324,-72.890,-14.477,-1.415,-4.285,-78.870,-12.814,-0.208,-39.729,-3.029,-1.037,0.000,-2.274,49.956,39.971,17.562,8.055,-139.352,-32.113,-106.889,0.000,-71.641,-6.152,-37.366,0.970,29.158,-6.136,0.319,61.720,1.283,-12.163,1.604,108.243,-112.106,-34.034,-0.278,-29.680,-32.302,-12.000,-0.224,-15.699,-164.934,-72.349,-80.960,4.751,-105.984,-17.221,-67.849,0.000,-20.060,-0.732,-7.848,-0.018,7.172,-2.148,0.226,13.459,31.420,-8.237,2.353,93.146,-47.650,-24.262,1.771,64.128,-109.772,-49.943,-0.273,-25.426,-265.257,-112.071,-53.017,-2.908,-67.645,-11.122,-21.138,0.000,-2.536,0.000,-0.904,0.000,0.617,0.000,0.000,0.146,17.655,-3.540,0.854,31.838,-16.694,-14.900,0.889,101.763,-155.540,-32.929,0.203,34.767,-178.164,-158.447,-17.528,-4.489,-37.929,-9.920,-7.849,0.000,0.000,0.000,0.000,0.000,0.000,0.000,0.000,0.000,2.959,0.862,0.000,4.649,1.842,-8.777,-0.063,55.903,-172.482,22.523,4.676,117.168,
37.321,11.405,12.718,0.432,43.968,47.317,6.493,9.677,-13.004,-0.637,-15.990,15.924,-49.313,-30.705,-3.296,-12.576,-17.098,-4.371,-0.108,-5.891,-0.358,-0.074,0.000,-0.091,0.000,0.000,0.000,0.000,44.040,12.936,13.454,0.575,-0.161,12.666,-8.358,4.013,-0.790,4.690,-19.691,22.362,-9.826,-4.512,-1.762,-0.376,-27.809,-2.156,-0.358,-14.752,-3.319,-0.309,-0.006,-1.427,0.000,0.000,0.000,0.000,47.025,10.404,5.884,-0.545,-11.600,-6.073,-24.950,0.199,-9.600,0.284,-13.041,11.815,9.314,9.731,-0.036,17.924,-25.508,1.934,0.171,-14.035,-12.040,-1.316,-0.080,-7.091,-0.312,-0.074,0.000,-0.216,12.292,-3.048,-14.889,-1.017,-11.732,-4.572,-18.433,0.000,-5.623,0.177,-3.813,1.752,13.071,5.912,0.473,15.940,-6.992,5.528,0.481,9.601,-20.595,-1.267,-0.203,-11.797,-3.710,-0.794,-0.023,-2.718,-20.040,-23.731,-14.738,-0.716,-3.623,-2.213,-6.853,0.000,-1.784,-0.074,-0.619,-0.023,4.468,2.043,0.088,3.893,6.851,7.445,0.498,16.081,-12.419,3.694,0.377,1.970,-13.690,-2.656,-0.057,-5.463,-10.360,-12.583,-3.403,-0.773,1.232,-0.256,-1.489,0.000,-0.210,0.000,-0.074,0.000,0.036,0.000,0.000,0.005,4.382,2.770,0.210,5.174,-1.904,4.836,0.136,11.372,-19.834,2.975,-0.114,1.042,14.173,-0.155,0.367,-0.378,1.887,0.055,-0.377,0.000,0.000,0.000,0.000,0.000,0.000,0.000,0.000,0.000,1.493,0.351,0.000,0.422,2.568,2.795,-0.023,5.416,-16.424,6.196,0.957,7.252,
-175.358,-78.963,-56.662,-1.029,67.383,-229.786,-3.666,-13.004,595.924,-143.789,28.004,82.825,-65.389,-204.548,-38.602,22.409,-248.206,-66.205,-0.440,-77.039,-10.931,-1.920,0.000,-2.575,0.000,0.000,0.000,0.000,-206.795,-98.559,-100.564,-2.051,183.718,-90.124,35.326,-7.033,240.141,-64.010,16.949,19.324,114.835,-3.471,-15.720,92.133,-190.025,1.437,1.443,-62.546,-60.420,-4.157,0.013,-22.040,0.000,0.000,0.000,0.000,-192.640,-128.591,-49.482,-14.908,227.611,-23.838,69.915,-0.391,133.127,-25.103,-7.023,-1.622,61.933,32.948,-2.433,70.341,-63.532,55.282,9.727,31.315,-126.832,-4.796,1.154,-44.859,-6.346,-1.659,0.000,-3.117,-7.253,-18.821,71.125,-21.029,173.614,6.871,74.173,0.000,46.757,-0.972,3.960,-2.157,-5.640,15.385,2.934,2.260,39.442,51.789,17.738,73.709,-91.504,-7.382,6.732,-9.192,-40.888,-21.039,0.013,-15.073,115.335,130.210,99.810,-13.376,83.932,10.106,45.713,0.000,12.178,-0.387,2.166,0.052,-13.082,-2.173,0.208,-7.354,-20.623,12.215,5.128,25.596,13.997,14.843,4.460,99.193,-96.215,-51.866,0.352,-1.095,181.523,86.041,37.518,-0.389,41.932,7.186,12.955,0.000,-0.464,0.000,0.736,0.000,-1.307,0.000,0.000,-0.159,-48.871,-3.516,-0.165,-13.023,5.264,26.047,1.860,50.488,-42.859,-17.509,1.688,58.550,126.015,117.706,7.185,0.808,8.523,3.054,3.135,0.000,0.000,0.000,0.000,0.000,0.000,0.000,0.000,0.000,-19.280,0.499,0.000,-11.331,-61.158,-31.350,1.496,-39.755,43.290,-61.317,-2.481,104.649,
185.753,77.301,73.986,0.332,386.224,463.653,142.605,-0.637,-143.789,701.929,-96.263,30.155,-16.556,108.753,-54.508,28.889,-82.412,-36.187,-0.858,-17.126,-5.688,-1.673,0.000,-1.261,0.000,0.000,0.000,0.000,376.040,158.824,201.021,0.330,152.500,133.890,69.951,-0.510,-190.126,61.357,-191.328,8.404,129.566,-18.935,-43.229,57.729,-6.694,0.985,-2.381,-10.171,-20.637,-2.230,-0.216,-16.357,0.000,0.000,0.000,0.000,503.748,271.234,161.460,1.369,-138.843,-18.757,-192.006,-0.031,-282.593,-65.420,-203.127,-19.044,52.726,-41.237,-22.763,-6.733,85.873,-3.413,0.155,-21.113,-39.597,0.624,0.555,-42.981,-0.469,-1.790,0.000,-4.769,249.614,66.077,-85.527,3.302,-257.010,-42.295,-252.019,0.000,-148.986,-12.787,-79.084,-3.489,20.270,-11.247,-0.514,-6.564,87.555,-7.873,3.967,17.209,-18.754,-19.711,3.658,-46.820,-25.260,-5.333,0.163,-24.192,-119.129,-148.423,-182.763,6.659,-194.820,-24.588,-145.047,0.000,-47.153,-1.140,-18.665,-0.087,3.674,-2.423,0.290,2.783,63.130,-9.429,5.035,16.362,56.034,29.802,7.185,-44.466,-57.357,-8.814,0.126,-69.612,-403.277,-166.355,-115.784,-3.302,-129.318,-11.914,-49.950,0.000,-6.925,0.000,-2.956,0.000,0.931,0.000,0.000,-0.364,43.587,6.195,1.259,3.838,70.013,30.841,1.075,-10.216,-56.921,73.252,0.113,-102.897,-378.146,-308.059,-46.091,-5.272,-87.477,-18.675,-19.765,0.000,0.000,0.000,0.000,0.000,0.000,0.000,0.000,0.000,16.003,1.296,0.000,5.135,61.900,48.109,-0.510,19.676,-57.834,242.746,-9.983,-74.817,
-137.189,-55.856,-41.828,-1.082,-204.314,-236.806,0.605,-15.990,28.004,-96.263,127.835,-40.804,175.504,104.945,29.839,54.404,83.023,13.908,1.098,31.861,1.062,0.229,0.000,0.733,0.000,0.000,0.000,0.000,-186.639,-59.834,-47.585,-1.779,-17.047,-62.875,75.391,-6.921,41.858,-77.189,114.256,-56.150,42.306,-26.929,13.606,6.441,103.234,-10.578,2.349,52.594,11.839,0.498,0.039,6.138,0.000,0.000,0.000,0.000,-217.565,-58.987,22.180,2.567,18.982,1.951,132.665,-0.552,10.863,-22.246,55.309,-31.071,-26.000,-61.616,2.236,-44.403,73.677,-32.951,0.454,41.104,29.383,-5.493,-0.044,23.800,-0.419,0.518,0.000,1.532,-119.104,17.502,101.707,5.137,23.893,9.842,79.715,0.000,4.109,-0.747,11.328,-5.115,-34.064,-24.020,-0.057,-35.095,11.352,-43.467,0.938,5.236,26.823,-19.036,0.144,42.975,5.063,1.778,0.099,6.945,-32.523,72.779,61.060,-1.226,3.454,4.455,19.971,0.000,1.263,0.040,1.324,-0.201,-12.552,-6.202,0.154,-8.737,-23.439,-30.299,0.478,-13.060,5.421,-43.579,-0.704,38.339,12.532,-10.498,0.297,18.854,-12.387,20.061,14.706,0.425,-3.482,-3.577,4.069,0.000,0.632,0.000,0.329,0.000,-0.613,0.000,0.000,-0.197,-17.757,-11.423,-0.170,-3.122,-17.028,-37.607,0.103,24.423,-4.162,-50.539,0.699,37.732,-7.767,2.479,4.559,0.281,3.299,-0.803,0.930,0.000,0.000,0.000,0.000,0.000,0.000,0.000,0.000,0.000,-6.317,-1.173,0.000,-0.731,-24.994,-33.577,0.021,12.353,-42.856,-83.040,-0.980,70.985,
90.470,42.676,44.935,1.418,213.493,167.805,87.811,15.924,82.825,30.155,-40.804,137.154,-214.267,-234.427,-33.174,16.946,-167.668,-48.785,-1.014,-52.378,-5.138,-1.061,0.000,-1.303,0.000,0.000,0.000,0.000,133.283,36.893,82.634,2.333,63.540,-1.069,41.023,6.939,14.885,-40.384,-84.095,114.020,27.726,-70.410,-16.004,104.271,-193.366,-22.598,-1.958,-71.198,-38.724,-3.938,-0.062,-16.301,0.000,0.000,0.000,0.000,136.907,26.581,81.797,-4.627,-32.564,-51.431,-62.317,0.196,-62.976,-36.488,-82.749,40.124,61.278,4.506,-4.337,145.969,-138.953,-2.557,1.811,5.225,-110.362,-13.537,0.271,-48.513,-3.948,-1.050,0.000,-2.650,2.263,10.121,0.810,-5.388,-79.339,-27.248,-82.067,0.000,-42.402,-4.320,-28.710,4.818,35.032,9.540,1.130,81.329,-24.152,12.296,4.304,126.289,-144.560,-24.927,0.987,-34.528,-37.828,-15.917,-0.215,-18.628,-132.193,-70.297,-44.590,-2.268,-67.077,-11.377,-42.671,0.000,-11.973,-0.906,-5.061,0.085,11.065,2.667,0.063,15.415,19.129,8.153,1.444,99.818,-56.181,-10.677,0.891,86.013,-121.360,-51.273,0.047,-24.978,-153.794,-76.351,-28.974,-3.919,-40.348,-7.205,-13.484,0.000,-2.043,0.000,-0.533,0.000,0.386,0.000,0.000,0.211,12.240,0.253,0.252,28.877,-23.257,1.698,0.625,95.659,-151.020,-22.890,-0.067,53.130,-108.831,-89.054,-12.106,-3.533,-23.536,-7.146,-5.219,0.000,0.000,0.000,0.000,0.000,0.000,0.000,0.000,0.000,4.159,0.920,0.000,3.240,-6.088,-3.057,0.041,37.987,-119.767,14.575,3.328,112.419,
-250.115,-86.745,-76.161,-2.718,-621.994,-381.117,-126.659,-49.313,-65.389,-16.556,175.504,-214.267,782.234,409.160,98.358,96.341,295.635,60.561,3.332,93.743,2.366,2.281,0.000,0.394,0.000,0.000,0.000,0.000,-349.746,-28.510,-89.524,-4.014,-180.416,-47.650,18.457,-19.945,43.494,-89.233,235.183,-229.705,125.265,20.673,53.586,-87.894,397.868,11.216,9.048,173.557,43.368,3.572,0.336,21.185,0.000,0.000,0.000,0.000,-485.983,12.784,-57.828,11.384,-63.537,75.550,191.160,-1.588,70.535,-7.873,172.958,-106.736,-94.221,-136.442,15.129,-237.161,312.876,-69.142,4.539,90.092,149.450,6.583,0.300,78.696,3.197,1.859,0.000,2.596,-382.519,-57.697,67.176,8.845,36.280,44.220,180.148,0.000,65.489,5.197,56.977,-14.992,-101.825,-65.597,-0.542,-151.938,76.361,-99.101,0.173,-123.306,219.942,-4.761,1.637,100.613,43.194,12.194,0.587,22.203,-92.304,81.508,107.574,-5.529,38.601,14.515,84.258,0.000,21.910,1.525,10.120,-0.479,-36.971,-16.116,0.232,-31.780,-40.961,-67.387,1.360,-142.039,118.700,-53.994,2.296,-61.321,138.196,38.160,1.285,37.689,56.122,78.936,56.026,0.432,18.782,1.345,24.044,0.000,3.660,0.000,0.559,0.000,-1.879,0.000,0.000,-0.939,-30.021,-16.580,-0.260,-41.115,35.820,-32.403,0.177,-94.394,156.332,-13.882,-0.291,-43.944,-21.359,71.524,15.054,4.164,10.170,3.797,7.919,0.000,0.000,0.000,0.000,0.000,0.000,0.000,0.000,0.000,-5.459,-2.828,0.000,-2.967,-15.371,-16.247,-0.546,-35.818,132.852,-21.839,-18.360,-72.403,
-173.263,-80.241,-68.663,-2.155,-363.751,-301.332,-110.835,-30.705,-204.548,108.753,104.945,-234.427,409.160,639.161,63.314,5.631,414.827,143.616,3.331,131.960,14.818,3.326,0.000,4.348,0.000,0.000,0.000,0.000,-239.271,-105.989,-132.936,-3.340,-61.574,-58.045,-23.038,-13.060,-21.225,5.692,171.556,-223.601,-34.461,126.257,32.818,-172.190,481.211,54.456,6.974,193.777,113.639,11.246,0.152,43.620,0.000,0.000,0.000,0.000,-256.439,-103.802,-123.088,5.849,78.027,44.238,131.133,-0.748,50.690,5.598,145.596,-97.828,-203.310,-79.392,3.727,-318.613,324.870,-23.558,-2.824,29.777,300.296,29.991,-0.289,125.467,10.538,2.982,0.000,6.228,-7.896,-42.096,38.085,7.608,150.396,42.552,153.990,0.000,50.976,-0.699,49.558,-12.800,-138.843,-47.168,-2.670,-187.963,39.006,-69.970,-9.631,-245.439,356.547,29.360,-1.387,110.921,90.674,36.611,0.873,42.472,273.373,138.924,104.931,8.842,116.102,26.040,70.494,0.000,12.783,1.576,5.853,-0.616,-39.629,-12.324,-0.149,-39.126,-85.263,-52.223,-3.446,-222.260,141.127,-21.803,0.012,-135.817,281.134,96.695,0.810,62.976,231.729,179.590,46.523,8.781,61.618,11.093,17.940,0.000,1.632,0.000,0.226,0.000,-1.958,0.000,0.000,-1.017,-44.643,-10.252,-0.840,-70.240,34.677,-41.865,-1.569,-187.730,331.362,17.756,1.160,-90.491,123.340,113.126,12.651,7.406,35.437,11.346,4.917,0.000,0.000,0.000,0.000,0.000,0.000,0.000,0.000,0.000,-9.291,-2.760,0.000,-7.286,0.561,-27.058,-0.460,-68.030,217.060,-58.560,-5.838,-200.037,
-30.991,-11.373,-10.634,-0.217,-114.184,-62.601,-33.347,-3.296,-38.602,-54.508,29.839,-33.174,98.358,63.314,31.481,1.783,79.699,22.488,1.141,23.801,3.196,0.944,0.000,0.679,0.000,0.000,0.000,0.000,-57.026,-9.018,-19.606,-0.272,-52.061,-4.211,-5.958,-1.485,11.717,-16.367,51.491,-30.661,4.657,5.553,20.348,-26.307,72.244,0.561,2.717,29.087,17.115,1.258,0.080,8.113,0.000,0.000,0.000,0.000,-91.819,-3.409,-12.795,1.179,-20.509,8.885,37.054,-0.099,15.296,-0.902,43.521,-12.356,-22.446,-22.190,7.032,-44.690,44.672,-12.615,0.996,5.182,39.384,0.976,0.057,20.126,1.026,0.838,0.000,1.523,-81.099,-5.705,6.754,2.107,8.795,7.592,37.009,0.000,15.979,1.297,15.234,-1.354,-14.419,-8.042,0.484,-23.167,1.209,-17.995,1.342,-29.034,39.693,-0.677,0.545,16.876,10.726,4.550,0.199,6.093,-28.097,3.834,19.213,-0.207,13.707,2.978,20.267,0.000,6.249,0.021,3.361,-0.079,-4.339,-1.654,0.199,-4.044,-11.417,-10.538,0.857,-22.792,13.224,-9.349,0.657,-12.019,32.869,11.372,0.292,7.230,41.048,8.280,15.552,-0.011,12.605,0.151,6.472,0.000,1.181,0.000,0.344,0.000,-0.342,0.000,0.000,-0.116,-4.075,-2.517,-0.153,-5.123,-0.759,-5.578,-0.137,-16.355,32.693,-6.135,-0.122,-4.202,36.724,36.901,6.203,1.547,10.716,2.242,2.785,0.000,0.000,0.000,0.000,0.000,0.000,0.000,0.000,0.000,-0.330,-0.274,0.000,-0.050,-2.756,-5.325,-0.057,-3.611,20.909,-11.457,-2.328,-12.633,
-55.639,-12.891,-6.148,-0.385,-66.926,-70.939,24.385,-12.576,22.409,28.889,54.404,16.946,96.341,5.631,1.783,100.344,-1.978,-19.787,0.520,15.259,-3.244,-0.387,0.000,-0.709,0.000,0.000,0.000,0.000,-73.991,-39.111,2.206,-0.585,11.515,-73.078,55.194,-4.880,25.515,-80.861,54.809,-16.674,47.085,-58.841,1.431,74.257,37.846,-16.104,1.452,44.743,-9.750,-1.837,0.019,-2.687,0.000,0.000,0.000,0.000,-113.178,-57.865,20.572,0.167,12.600,-31.198,79.733,-0.546,-17.004,-43.237,15.122,-20.019,-32.798,-64.931,-2.033,7.100,34.574,-33.965,0.857,79.607,-13.613,-8.422,0.370,11.972,-1.637,-0.126,0.000,-0.852,-94.480,-10.900,81.102,-0.741,-9.924,-4.265,48.133,0.000,-10.739,-4.870,-0.611,-3.765,-43.846,-22.815,-1.172,-17.326,-9.376,-39.026,-3.278,54.743,-1.902,-26.591,0.319,56.648,-6.263,-6.689,0.119,-0.015,-51.030,47.154,55.635,-1.259,-29.657,-0.272,8.711,0.000,-3.704,-0.504,-1.270,-0.126,-13.409,-5.759,-0.359,-6.906,-39.443,-29.507,-2.619,-0.883,14.281,-45.613,-1.293,72.031,-18.024,-29.120,0.552,15.507,-85.269,8.191,7.557,0.106,-33.991,-5.878,-1.243,0.000,-0.731,0.000,-0.298,0.000,-0.819,0.000,0.000,-0.237,-17.496,-12.348,-0.420,-5.950,-13.798,-40.470,-0.235,28.515,-23.331,-34.722,0.120,52.448,-116.883,-61.081,-7.372,-0.900,-21.043,-6.152,-3.146,0.000,0.000,0.000,0.000,0.000,0.000,0.000,0.000,0.000,-0.561,-1.791,0.000,-0.085,-27.420,-29.054,-0.281,7.689,-23.876,-60.319,-1.835,73.781,
-110.056,-44.321,-42.638,-1.055,-365.992,-230.376,-111.123,-17.098,-248.206,-82.412,83.023,-167.668,295.635,414.827,79.699,-1.978,425.212,127.858,2.679,123.336,19.041,4.141,0.000,4.692,0.000,0.000,0.000,0.000,-192.871,-66.297,-93.782,-1.117,-147.884,-28.273,-33.079,-6.957,-24.611,-17.448,164.380,-143.599,-51.476,65.262,51.648,-150.126,371.212,22.372,4.554,137.721,107.114,8.733,0.151,42.058,0.000,0.000,0.000,0.000,-263.567,-77.138,-77.132,8.137,-25.587,35.697,126.497,-0.458,37.891,23.487,157.574,-57.749,-140.897,-58.820,15.969,-222.019,211.023,-43.631,-2.882,0.119,246.482,15.248,-0.303,96.420,9.369,3.546,0.000,5.610,-134.707,-10.129,32.709,9.692,67.493,30.860,137.566,0.000,49.452,1.083,52.598,-6.624,-82.257,-35.266,-2.208,-112.449,6.232,-65.793,-9.606,-177.765,243.497,18.733,-2.496,72.014,70.071,31.028,0.391,33.821,60.701,94.788,66.097,5.164,67.275,19.016,61.772,0.000,15.540,0.935,7.961,-0.353,-21.423,-7.221,-0.231,-21.283,-56.527,-39.702,-4.219,-132.415,63.240,-25.558,-3.014,-96.585,211.984,74.012,0.406,43.996,131.309,83.462,37.374,2.605,45.517,4.370,17.067,0.000,2.232,0.000,0.463,0.000,-1.665,0.000,0.000,-0.563,-15.094,-9.522,-0.678,-35.916,4.152,-39.410,-1.132,-124.107,220.452,-0.163,0.578,-56.423,114.034,103.965,13.683,6.689,37.867,9.621,6.503,0.000,0.000,0.000,0.000,0.000,0.000,0.000,0.000,0.000,-0.639,-2.264,0.000,-0.967,12.889,-18.328,-0.309,-24.834,119.704,-52.519,1.607,-135.962,
-33.457,-15.097,-13.725,-0.287,-99.413,-69.344,-37.050,-4.371,-66.205,-36.187,13.908,-48.785,60.561,143.616,22.488,-19.787,127.858,68.670,1.012,33.073,9.353,2.556,0.000,2.205,0.000,0.000,0.000,0.000,-58.645,-29.941,-38.101,-0.365,-38.857,-19.073,-27.352,-1.928,-3.602,-5.210,39.096,-40.835,-48.252,43.819,17.641,-62.763,110.748,23.929,1.632,42.140,49.625,4.904,0.024,20.241,0.000,0.000,0.000,0.000,-82.492,-46.278,-45.727,-0.129,12.350,7.334,20.644,-0.130,33.457,9.408,55.870,-15.782,-60.640,-4.734,6.686,-76.743,44.550,-3.375,-1.789,-10.905,109.125,11.846,-0.281,42.003,5.717,1.389,0.000,3.832,-33.088,-20.709,-3.304,1.198,53.100,11.391,47.040,0.000,30.616,0.379,25.643,-1.796,-32.381,-7.953,-0.510,-37.608,-13.857,-14.837,-3.396,-75.107,98.214,12.215,-0.962,21.157,35.778,14.000,0.212,17.095,72.841,21.350,24.891,2.814,53.436,8.887,30.603,0.000,11.590,0.811,5.033,-0.104,-7.308,-2.183,-0.082,-7.713,-27.525,-11.579,-1.338,-55.236,24.135,-3.414,-0.476,-49.326,96.152,31.918,0.212,21.489,111.050,52.091,19.048,0.721,40.186,4.971,11.030,0.000,1.742,0.000,0.611,0.000,-0.599,0.000,0.000,-0.182,-9.842,-1.906,-0.222,-15.964,0.464,-14.556,-0.371,-54.085,101.418,-5.580,0.473,-23.682,100.156,78.947,11.151,2.506,29.794,7.186,5.399,0.000,0.000,0.000,0.000,0.000,0.000,0.000,0.000,0.000,-2.273,-0.823,0.000,-0.697,9.598,-5.559,-0.104,-14.801,44.989,-14.690,3.428,-68.339,
-1.104,-0.513,-0.425,-0.008,-3.094,-1.999,-1.172,-0.108,-0.440,-0.858,1.098,-1.014,3.332,3.331,1.141,0.520,2.679,1.012,0.367,0.748,0.033,0.069,0.000,0.011,0.000,0.000,0.000,0.000,-1.923,-1.202,-1.234,-0.014,-0.202,-1.137,-0.288,-0.055,0.745,-1.446,1.812,-1.232,0.807,1.095,1.469,-2.110,3.845,0.765,0.841,0.788,0.703,0.111,0.010,0.362,0.000,0.000,0.000,0.000,-2.241,-1.466,-1.485,-0.068,0.681,-0.470,1.476,-0.004,0.472,-0.787,1.697,-0.555,-2.415,-1.140,0.377,-2.920,2.876,-0.144,0.255,-0.028,2.403,0.305,0.012,0.870,0.039,0.013,0.000,-0.016,-0.112,1.586,-0.149,0.285,1.220,0.782,1.783,0.000,0.245,0.024,0.485,-0.054,-1.583,-0.350,0.002,-1.314,-0.425,-0.683,0.010,-1.334,3.227,-0.152,0.141,1.040,0.406,0.067,0.064,-0.030,2.606,1.779,0.762,0.209,0.696,0.471,0.390,0.000,0.005,-0.009,0.000,-0.003,-0.364,-0.051,-0.003,-0.231,-1.597,-0.614,-0.002,-1.695,2.253,-0.331,0.272,-0.251,1.701,0.021,0.115,0.060,4.840,1.438,0.145,0.355,0.487,0.032,-0.015,0.000,-0.026,0.000,-0.009,0.000,-0.016,0.000,0.000,-0.005,-0.855,-0.174,-0.007,-0.615,0.170,-0.049,0.050,-1.350,2.458,0.886,0.052,-0.126,3.029,1.993,-0.028,0.414,0.332,0.133,-0.022,0.000,0.000,0.000,0.000,0.000,0.000,0.000,0.000,0.000,-0.070,-0.003,0.000,-0.094,-1.194,-0.420,-0.003,-1.090,2.562,-0.325,-0.342,-0.965,
-38.287,-15.182,-12.670,-0.383,-119.321,-76.930,-31.397,-5.891,-77.039,-17.126,31.861,-52.378,93.743,131.960,23.801,15.259,123.336,33.073,0.748,47.108,4.929,1.091,0.000,1.373,0.000,0.000,0.000,0.000,-64.286,-31.110,-29.394,-0.512,-41.945,-21.355,-4.972,-2.399,-8.725,-14.561,56.283,-46.629,-23.255,12.453,14.857,-34.121,120.966,3.041,1.360,56.749,31.862,2.421,0.031,13.541,0.000,0.000,0.000,0.000,-88.719,-36.183,-24.462,1.330,-0.950,2.581,47.629,-0.171,9.161,2.448,49.943,-19.530,-57.681,-25.923,3.624,-70.878,69.992,-18.337,-1.268,13.551,78.381,3.314,-0.034,36.245,2.367,1.207,0.000,1.890,-43.961,-7.610,19.169,3.584,24.865,9.018,50.844,0.000,13.264,-0.018,16.094,-2.380,-33.549,-12.728,-0.933,-39.942,-5.051,-25.450,-3.884,-52.175,79.437,2.171,-0.696,35.206,23.873,9.383,0.209,11.922,14.636,35.953,31.796,2.654,18.562,6.719,21.712,0.000,4.382,0.296,2.109,-0.141,-9.006,-2.851,-0.130,-7.843,-29.198,-15.348,-1.919,-44.888,24.262,-14.382,-1.133,-22.517,71.036,21.821,0.130,16.960,35.907,25.637,15.879,1.376,9.700,1.052,5.417,0.000,0.754,0.000,0.113,0.000,-0.635,0.000,0.000,-0.225,-9.414,-4.625,-0.309,-13.964,0.498,-17.339,-0.629,-38.550,73.725,-3.060,0.132,-11.720,33.469,26.256,4.561,1.842,9.858,1.678,1.505,0.000,0.000,0.000,0.000,0.000,0.000,0.000,0.000,0.000,-0.621,-0.931,0.000,-1.136,-1.646,-11.527,-0.141,-9.851,41.636,-25.665,0.622,-38.053,
-3.343,-1.404,-1.209,-0.021,-13.230,-7.030,-3.943,-0.358,-10.931,-5.688,1.062,-5.138,2.366,14.818,3.196,-3.244,19.041,9.353,0.033,4.929,2.672,0.325,0.000,0.458,0.000,0.000,0.000,0.000,-6.057,-2.751,-3.009,-0.039,-7.284,-0.263,-1.571,-0.150,-4.533,0.275,4.601,-3.944,-5.061,3.354,2.705,-7.974,12.229,1.149,-0.052,2.734,8.383,0.314,-0.002,2.751,0.000,0.000,0.000,0.000,-8.770,-3.219,0.263,-0.187,-4.872,1.296,4.826,-0.010,-0.355,1.917,7.419,-1.448,-3.040,-0.447,1.181,-7.824,4.134,-1.471,-0.200,-4.357,13.315,0.933,-0.027,3.494,0.782,0.253,0.000,0.259,-7.141,4.159,2.633,0.768,0.003,0.162,5.024,0.000,1.434,-0.109,2.309,-0.148,-0.960,-1.034,-0.070,-2.715,-0.327,-2.848,-0.292,-7.797,8.526,0.038,-0.130,-0.435,3.773,1.239,-0.008,1.195,-3.241,2.755,0.257,1.026,1.090,0.604,2.349,0.000,0.307,0.091,0.249,-0.008,-0.123,-0.200,-0.008,-0.322,0.985,-1.459,-0.126,-3.417,0.688,-0.337,-0.183,-6.511,8.498,2.513,-0.019,0.300,3.934,0.548,0.289,0.010,1.162,0.136,0.473,0.000,-0.072,0.000,-0.025,0.000,-0.045,0.000,0.000,-0.014,2.715,-0.077,-0.019,-0.326,0.673,-1.459,-0.045,-5.191,6.020,0.022,0.078,-4.010,2.143,2.048,0.357,0.214,0.301,0.179,-0.010,0.000,0.000,0.000,0.000,0.000,0.000,0.000,0.000,0.000,0.930,-0.068,0.000,0.389,6.906,1.264,-0.008,1.827,-3.610,4.843,1.241,-7.612,
-0.690,-0.290,-0.250,-0.004,-2.939,-1.550,-0.987,-0.074,-1.920,-1.673,0.229,-1.061,2.281,3.326,0.944,-0.387,4.141,2.556,0.069,1.091,0.325,0.334,0.000,0.082,0.000,0.000,0.000,0.000,-1.441,-0.721,-0.935,-0.008,-1.269,-0.589,-1.099,-0.031,0.183,-0.097,0.972,-0.814,-0.432,0.765,1.097,-1.472,2.860,1.114,0.051,1.621,1.996,0.311,-0.000,0.938,0.000,0.000,0.000,0.000,-2.303,-1.713,-1.595,-0.039,0.615,-0.325,0.129,-0.002,0.873,-0.415,1.966,-0.314,-2.085,-0.765,0.507,-2.080,0.323,-0.279,-0.041,-0.633,4.377,0.455,-0.006,1.357,0.361,0.117,0.000,0.090,-1.408,-1.577,-0.624,-0.074,1.816,0.092,1.290,0.000,1.228,-0.034,1.063,-0.030,-1.159,-0.213,-0.014,-0.944,-1.245,-0.342,-0.060,-2.492,3.495,0.620,-0.027,0.316,1.364,0.900,-0.002,0.444,2.176,-0.484,0.688,-0.070,2.420,0.126,1.106,0.000,0.660,-0.005,0.156,-0.002,-0.212,-0.041,-0.002,-0.169,-1.444,-0.376,-0.026,-1.698,0.883,0.009,-0.038,-1.785,3.448,1.054,-0.004,0.809,6.780,0.411,0.962,0.080,2.473,0.100,0.525,0.000,0.007,0.000,-0.005,0.000,-0.009,0.000,0.000,-0.003,-0.524,-0.133,-0.004,-0.548,-0.669,-0.231,-0.009,-1.552,3.437,-0.099,0.070,-0.566,6.991,4.949,0.723,0.353,1.478,0.280,0.239,0.000,0.000,0.000,0.000,0.000,0.000,0.000,0.000,0.000,-0.112,-0.014,0.000,-0.056,-0.290,-0.391,-0.002,-0.937,1.346,-1.475,-0.116,-2.134,
0.000,0.000,0.000,0.000,0.000,0.000,0.000,0.000,0.000,0.000,0.000,0.000,0.000,0.000,0.000,0.000,0.000,0.000,0.000,0.000,0.000,0.000,0.000,0.000,0.000,0.000,0.000,0.000,0.000,0.000,0.000,0.000,0.000,0.000,0.000,0.000,0.000,0.000,0.000,0.000,0.000,0.000,0.000,0.000,0.000,0.000,0.000,0.000,0.000,0.000,0.000,0.000,0.000,0.000,0.000,0.000,0.000,0.000,0.000,0.000,0.000,0.000,0.000,0.000,0.000,0.000,0.000,0.000,0.000,0.000,0.000,0.000,0.000,0.000,0.000,0.000,0.000,0.000,0.000,0.000,0.000,0.000,0.000,0.000,0.000,0.000,0.000,0.000,0.000,0.000,0.000,0.000,0.000,0.000,0.000,0.000,0.000,0.000,0.000,0.000,0.000,0.000,0.000,0.000,0.000,0.000,0.000,0.000,0.000,0.000,0.000,0.000,0.000,0.000,0.000,0.000,0.000,0.000,0.000,0.000,0.000,0.000,0.000,0.000,0.000,0.000,0.000,0.000,0.000,0.000,0.000,0.000,0.000,0.000,0.000,0.000,0.000,0.000,0.000,0.000,0.000,0.000,0.000,0.000,0.000,0.000,0.000,0.000,0.000,0.000,0.000,0.000,0.000,0.000,0.000,0.000,0.000,0.000,0.000,0.000,0.000,0.000,0.000,0.000,0.000,0.000,0.000,0.000,0.000,0.000,0.000,0.000,0.000,0.000,0.000,0.000,0.000,0.000,0.000,0.000,0.000,0.000,0.000,0.000,0.000,0.000,0.000,0.000,0.000,0.000,0.000,0.000,0.000,0.000,0.000,0.000,
-0.849,-0.357,-0.307,-0.005,-2.972,-1.914,-0.779,-0.091,-2.575,-1.261,0.733,-1.303,0.394,4.348,0.679,-0.709,4.692,2.205,0.011,1.373,0.458,0.082,0.000,0.159,0.000,0.000,0.000,0.000,-1.516,-0.749,-0.723,-0.010,-1.333,-0.063,-0.281,-0.038,-0.914,-0.016,1.132,-0.992,-1.403,0.795,0.506,-1.817,2.968,0.265,-0.011,1.097,1.856,0.154,-0.000,0.714,0.000,0.000,0.000,0.000,-1.879,-0.463,-0.199,-0.047,-0.496,0.395,0.628,-0.002,0.204,0.393,1.280,-0.370,-1.301,-0.270,0.155,-1.998,1.125,-0.425,-0.051,-0.933,3.518,0.143,-0.007,0.984,0.145,0.049,0.000,0.087,-1.345,0.753,0.172,0.192,0.373,0.295,0.886,0.000,0.418,0.015,0.466,-0.038,-0.471,-0.263,-0.018,-0.785,-0.119,-0.699,-0.074,-2.080,2.420,0.100,-0.033,0.068,0.901,0.439,-0.002,0.319,-0.500,-0.087,0.014,0.069,0.820,0.252,0.349,0.000,0.097,0.044,0.030,-0.002,-0.045,-0.051,-0.002,-0.091,-0.218,-0.354,-0.032,-0.976,0.264,-0.019,-0.046,-1.553,2.511,0.930,-0.005,0.110,1.268,0.094,0.253,-0.049,0.811,0.036,0.144,0.000,-0.018,0.000,-0.006,0.000,-0.011,0.000,0.000,-0.003,0.356,-0.041,-0.005,-0.197,0.089,-0.416,-0.011,-1.379,2.120,-0.099,0.029,-1.050,3.279,1.687,0.175,0.067,0.914,0.152,0.038,0.000,0.000,0.000,0.000,0.000,0.000,0.000,0.000,0.000,0.112,-0.017,0.000,0.081,1.207,0.058,-0.002,0.229,-0.668,0.610,0.384,-1.937,
0.000,0.000,0.000,0.000,0.000,0.000,0.000,0.000,0.000,0.000,0.000,0.000,0.000,0.000,0.000,0.000,0.000,0.000,0.000,0.000,0.000,0.000,0.000,0.000,0.000,0.000,0.000,0.000,0.000,0.000,0.000,0.000,0.000,0.000,0.000,0.000,0.000,0.000,0.000,0.000,0.000,0.000,0.000,0.000,0.000,0.000,0.000,0.000,0.000,0.000,0.000,0.000,0.000,0.000,0.000,0.000,0.000,0.000,0.000,0.000,0.000,0.000,0.000,0.000,0.000,0.000,0.000,0.000,0.000,0.000,0.000,0.000,0.000,0.000,0.000,0.000,0.000,0.000,0.000,0.000,0.000,0.000,0.000,0.000,0.000,0.000,0.000,0.000,0.000,0.000,0.000,0.000,0.000,0.000,0.000,0.000,0.000,0.000,0.000,0.000,0.000,0.000,0.000,0.000,0.000,0.000,0.000,0.000,0.000,0.000,0.000,0.000,0.000,0.000,0.000,0.000,0.000,0.000,0.000,0.000,0.000,0.000,0.000,0.000,0.000,0.000,0.000,0.000,0.000,0.000,0.000,0.000,0.000,0.000,0.000,0.000,0.000,0.000,0.000,0.000,0.000,0.000,0.000,0.000,0.000,0.000,0.000,0.000,0.000,0.000,0.000,0.000,0.000,0.000,0.000,0.000,0.000,0.000,0.000,0.000,0.000,0.000,0.000,0.000,0.000,0.000,0.000,0.000,0.000,0.000,0.000,0.000,0.000,0.000,0.000,0.000,0.000,0.000,0.000,0.000,0.000,0.000,0.000,0.000,0.000,0.000,0.000,0.000,0.000,0.000,0.000,0.000,0.000,0.000,0.000,0.000,
0.000,0.000,0.000,0.000,0.000,0.000,0.000,0.000,0.000,0.000,0.000,0.000,0.000,0.000,0.000,0.000,0.000,0.000,0.000,0.000,0.000,0.000,0.000,0.000,0.000,0.000,0.000,0.000,0.000,0.000,0.000,0.000,0.000,0.000,0.000,0.000,0.000,0.000,0.000,0.000,0.000,0.000,0.000,0.000,0.000,0.000,0.000,0.000,0.000,0.000,0.000,0.000,0.000,0.000,0.000,0.000,0.000,0.000,0.000,0.000,0.000,0.000,0.000,0.000,0.000,0.000,0.000,0.000,0.000,0.000,0.000,0.000,0.000,0.000,0.000,0.000,0.000,0.000,0.000,0.000,0.000,0.000,0.000,0.000,0.000,0.000,0.000,0.000,0.000,0.000,0.000,0.000,0.000,0.000,0.000,0.000,0.000,0.000,0.000,0.000,0.000,0.000,0.000,0.000,0.000,0.000,0.000,0.000,0.000,0.000,0.000,0.000,0.000,0.000,0.000,0.000,0.000,0.000,0.000,0.000,0.000,0.000,0.000,0.000,0.000,0.000,0.000,0.000,0.000,0.000,0.000,0.000,0.000,0.000,0.000,0.000,0.000,0.000,0.000,0.000,0.000,0.000,0.000,0.000,0.000,0.000,0.000,0.000,0.000,0.000,0.000,0.000,0.000,0.000,0.000,0.000,0.000,0.000,0.000,0.000,0.000,0.000,0.000,0.000,0.000,0.000,0.000,0.000,0.000,0.000,0.000,0.000,0.000,0.000,0.000,0.000,0.000,0.000,0.000,0.000,0.000,0.000,0.000,0.000,0.000,0.000,0.000,0.000,0.000,0.000,0.000,0.000,0.000,0.000,0.000,0.000,
0.000,0.000,0.000,0.000,0.000,0.000,0.000,0.000,0.000,0.000,0.000,0.000,0.000,0.000,0.000,0.000,0.000,0.000,0.000,0.000,0.000,0.000,0.000,0.000,0.000,0.000,0.000,0.000,0.000,0.000,0.000,0.000,0.000,0.000,0.000,0.000,0.000,0.000,0.000,0.000,0.000,0.000,0.000,0.000,0.000,0.000,0.000,0.000,0.000,0.000,0.000,0.000,0.000,0.000,0.000,0.000,0.000,0.000,0.000,0.000,0.000,0.000,0.000,0.000,0.000,0.000,0.000,0.000,0.000,0.000,0.000,0.000,0.000,0.000,0.000,0.000,0.000,0.000,0.000,0.000,0.000,0.000,0.000,0.000,0.000,0.000,0.000,0.000,0.000,0.000,0.000,0.000,0.000,0.000,0.000,0.000,0.000,0.000,0.000,0.000,0.000,0.000,0.000,0.000,0.000,0.000,0.000,0.000,0.000,0.000,0.000,0.000,0.000,0.000,0.000,0.000,0.000,0.000,0.000,0.000,0.000,0.000,0.000,0.000,0.000,0.000,0.000,0.000,0.000,0.000,0.000,0.000,0.000,0.000,0.000,0.000,0.000,0.000,0.000,0.000,0.000,0.000,0.000,0.000,0.000,0.000,0.000,0.000,0.000,0.000,0.000,0.000,0.000,0.000,0.000,0.000,0.000,0.000,0.000,0.000,0.000,0.000,0.000,0.000,0.000,0.000,0.000,0.000,0.000,0.000,0.000,0.000,0.000,0.000,0.000,0.000,0.000,0.000,0.000,0.000,0.000,0.000,0.000,0.000,0.000,0.000,0.000,0.000,0.000,0.000,0.000,0.000,0.000,0.000,0.000,0.000,
0.000,0.000,0.000,0.000,0.000,0.000,0.000,0.000,0.000,0.000,0.000,0.000,0.000,0.000,0.000,0.000,0.000,0.000,0.000,0.000,0.000,0.000,0.000,0.000,0.000,0.000,0.000,0.000,0.000,0.000,0.000,0.000,0.000,0.000,0.000,0.000,0.000,0.000,0.000,0.000,0.000,0.000,0.000,0.000,0.000,0.000,0.000,0.000,0.000,0.000,0.000,0.000,0.000,0.000,0.000,0.000,0.000,0.000,0.000,0.000,0.000,0.000,0.000,0.000,0.000,0.000,0.000,0.000,0.000,0.000,0.000,0.000,0.000,0.000,0.000,0.000,0.000,0.000,0.000,0.000,0.000,0.000,0.000,0.000,0.000,0.000,0.000,0.000,0.000,0.000,0.000,0.000,0.000,0.000,0.000,0.000,0.000,0.000,0.000,0.000,0.000,0.000,0.000,0.000,0.000,0.000,0.000,0.000,0.000,0.000,0.000,0.000,0.000,0.000,0.000,0.000,0.000,0.000,0.000,0.000,0.000,0.000,0.000,0.000,0.000,0.000,0.000,0.000,0.000,0.000,0.000,0.000,0.000,0.000,0.000,0.000,0.000,0.000,0.000,0.000,0.000,0.000,0.000,0.000,0.000,0.000,0.000,0.000,0.000,0.000,0.000,0.000,0.000,0.000,0.000,0.000,0.000,0.000,0.000,0.000,0.000,0.000,0.000,0.000,0.000,0.000,0.000,0.000,0.000,0.000,0.000,0.000,0.000,0.000,0.000,0.000,0.000,0.000,0.000,0.000,0.000,0.000,0.000,0.000,0.000,0.000,0.000,0.000,0.000,0.000,0.000,0.000,0.000,0.000,0.000,0.000,
457.469,158.959,160.608,0.561,468.189,730.245,144.993,44.040,-206.795,376.040,-186.639,133.283,-349.746,-239.271,-57.026,-73.991,-192.871,-58.645,-1.923,-64.286,-6.057,-1.441,0.000,-1.516,0.000,0.000,0.000,0.000,709.891,235.401,278.944,0.658,5.568,218.947,-51.446,19.246,-186.977,106.573,-285.819,154.110,32.100,-26.733,-38.378,16.094,-239.442,-8.248,-5.572,-139.456,-42.965,-3.430,-0.129,-21.973,0.000,0.000,0.000,0.000,794.732,348.851,157.075,0.100,-289.131,-33.782,-338.600,1.806,-223.332,7.058,-218.623,69.878,149.598,72.076,-13.907,129.248,-139.977,25.810,-2.752,-138.471,-125.275,-6.363,0.097,-90.393,-3.332,-1.535,0.000,-3.715,212.500,83.829,-207.818,1.312,-352.876,-60.042,-316.494,0.000,-121.042,-1.171,-72.079,13.047,141.798,46.102,1.064,125.686,24.956,62.280,2.813,48.496,-170.355,6.095,0.239,-156.425,-44.265,-5.689,-0.332,-36.190,-350.122,-312.112,-263.301,4.438,-226.105,-40.790,-148.340,0.000,-37.074,-1.180,-13.052,0.907,51.105,14.287,0.463,36.735,129.763,62.415,4.430,123.888,-49.172,81.445,4.402,-73.906,-127.150,-14.396,-0.821,-103.930,-485.365,-274.401,-118.611,-6.792,-117.911,-17.528,-42.801,0.000,-4.420,0.000,-1.641,0.000,4.716,0.000,0.000,1.321,86.778,32.073,1.262,48.568,56.472,81.045,0.527,44.865,-181.526,72.557,-1.309,-96.867,-329.747,-285.214,-34.055,-6.689,-64.094,-14.719,-13.246,0.000,0.000,0.000,0.000,0.000,0.000,0.000,0.000,0.000,20.652,6.115,0.000,10.117,86.392,88.722,-0.315,58.941,-161.885,301.704,1.380,-51.695,
