9915.379,1144.836,260.152,508.127,590.173,270.011,85.242,37.672,20.677,1108.570,-98.248,61.826,-68.782,368.782,-515.905,135.489,106.641,-810.289,-562.445,152.916,-61.034,-1039.294,-298.549,-61.542,-378.982,-525.771,-94.940,-60.781,3679.708,-1007.204,-73.142,-165.375,-33.071,82.350,6.713,-40.592,-66.101,172.603,-87.236,12.700,65.799,-89.094,-204.983,62.569,243.525,-99.380,-176.935,7.978,110.839,-113.448,-95.380,-19.197,-34.585,-689.226,-173.664,-47.835,761.912,-94.234,-146.884,-14.358,-208.353,-20.053,-54.937,-13.047,50.900,257.938,-138.749,48.341,96.638,-92.654,-187.195,50.909,266.603,61.688,-87.236,55.271,-232.776,219.322,-47.625,17.125,-148.899,-146.695,-151.591,-43.510,303.500,7.723,-96.456,88.712,-178.146,-76.774,-65.932,-1.886,35.317,-7.442,-172.274,32.232,10.441,143.184,-163.839,48.568,85.470,226.547,-70.044,165.465,-208.634,252.677,66.360,33.912,-232.014,113.757,73.228,-57.359,121.232,-153.138,-92.105,74.973,-46.335,-87.724,-91.896,11.990,105.284,212.941,-229.192,26.759,-66.160,268.188,-302.573,34.081,235.272,86.004,-167.058,43.541,309.989,-91.464,-23.336,42.500,-139.767,-527.147,-50.198,-277.010,-29.937,-203.108,-65.540,-26.490,60.231,-35.967,-54.019,-5.663,29.330,144.513,-128.811,234.034,-342.824,413.679,-283.701,217.341,-294.509,425.859,-178.802,92.672,204.220,315.960,-40.792,97.543,2.360,117.304,-38.507,-67.879,-36.755,-261.682,-69.393,-290.083,117.879,-128.538,-56.005,-66.322,-252.076,-335.424,-33.659,-134.391,-56.527,-187.845,-250.598,121.543,133.555,744.660,-375.084,185.109,534.678,574.673,77.788,8.424,767.017,605.028,63.839,79.974,
1144.836,1171.466,-32.816,231.183,146.169,61.434,5.921,47.445,-28.569,100.109,52.393,-15.777,1.824,20.142,25.159,-29.411,71.919,-136.700,-52.362,0.701,158.678,-135.871,-24.078,-9.982,-30.142,-76.161,-8.305,-27.617,481.597,-46.801,-108.863,79.845,222.451,-4.001,-4.655,36.414,-18.346,0.952,21.860,7.882,-16.174,-23.630,-11.147,6.933,-4.175,-9.252,-39.531,18.977,178.142,-35.279,2.557,34.751,59.649,-245.400,-77.950,6.166,-169.234,-110.420,-124.289,18.478,296.140,-12.056,-28.134,32.976,-24.156,-79.603,-24.523,26.481,-3.125,-107.258,-25.380,11.991,24.148,28.461,-6.324,-0.341,88.751,-36.775,-4.834,26.173,66.725,-201.830,-65.600,-16.148,-387.437,-48.338,-72.627,30.578,371.258,-31.690,-24.093,25.869,13.992,-30.356,-49.390,5.859,19.703,40.523,-15.139,19.130,-40.127,26.208,-19.385,28.438,78.593,-61.507,5.710,27.001,54.941,-121.087,-0.015,-14.648,-446.366,-50.988,-56.135,13.046,431.265,10.002,-14.910,38.269,33.699,-14.997,-139.410,8.939,6.881,-98.695,-72.216,-1.052,23.413,38.895,-36.850,-15.991,117.811,-76.597,-5.350,-9.174,7.553,-267.682,-13.347,-36.452,-484.195,-23.875,-22.394,-20.528,349.011,24.373,-14.418,35.724,-76.931,-3.045,-113.803,58.086,80.946,140.128,-48.586,63.781,-116.624,166.885,-63.502,15.620,34.494,37.487,-3.753,39.819,6.551,22.723,2.525,124.468,-519.131,-70.651,-40.364,-91.021,356.921,147.885,6.643,29.643,-184.340,-235.413,-27.664,-70.879,117.650,-258.635,-136.761,134.372,-1.080,252.643,-138.213,58.525,192.535,183.421,50.915,32.293,300.438,202.096,26.324,195.681,
260.152,-32.816,84.639,-5.712,53.835,0.933,4.196,0.543,2.370,-29.075,-6.470,5.563,-1.357,-27.819,-10.966,33.382,-24.063,-13.254,-16.321,31.114,-32.271,-7.712,-9.322,4.595,-14.808,-16.182,1.543,-0.301,123.890,-41.401,38.811,-21.473,18.476,-9.270,-0.778,-4.209,-2.159,-14.290,-8.737,1.958,2.172,-1.239,-2.158,1.040,10.855,8.638,-4.199,-4.019,5.192,3.994,-8.526,1.123,-6.229,-11.876,0.898,1.434,30.999,-7.396,10.718,-11.023,-5.734,-8.302,0.408,-5.357,1.106,-0.294,3.174,-1.749,7.288,11.928,4.603,7.173,6.071,17.839,-6.497,4.485,-15.539,15.644,-0.897,1.169,-9.984,-19.443,-5.428,4.986,15.308,5.406,9.652,-0.955,-18.828,-5.821,-2.220,-3.968,-1.226,0.646,0.636,3.585,-15.910,15.069,-0.795,6.036,-6.658,20.833,-6.095,12.316,-2.355,4.339,-1.879,6.533,-6.733,-0.620,1.801,4.497,32.553,-8.915,0.261,-1.462,-26.001,-4.721,-0.687,-1.910,1.197,2.799,19.679,-3.589,-8.954,37.180,11.969,-0.550,-12.707,27.200,-1.858,12.179,-5.089,1.912,-2.420,18.507,-5.961,6.972,-1.496,21.555,51.074,-6.038,-5.487,-3.055,-11.074,1.114,0.409,1.109,21.179,9.211,14.080,5.233,-29.492,-17.191,1.620,-6.659,2.249,-9.256,4.325,-0.744,18.653,-8.375,6.312,-7.686,5.455,2.942,-0.245,35.348,115.859,21.105,5.076,9.288,-13.245,-12.449,-1.621,-0.668,19.937,16.774,0.558,2.962,-20.121,41.679,0.991,-24.239,-29.523,12.789,22.057,-10.934,8.938,-7.067,12.316,-7.252,-13.649,-14.446,-3.561,-2.823,
508.127,231.183,-5.712,200.843,43.003,-9.395,-1.081,24.309,-25.815,-50.068,14.734,-3.901,-21.815,-35.166,12.845,-20.969,-34.591,-1.916,-7.034,-9.104,15.139,-40.971,4.874,6.011,-12.549,-45.396,-3.798,0.404,144.034,-70.943,-16.000,47.023,87.917,10.025,10.170,11.729,0.017,32.753,31.746,-1.026,-33.112,40.740,19.087,-5.815,-29.884,39.923,8.220,-5.274,7.303,22.398,22.997,5.012,-8.977,-63.706,0.430,7.525,-79.282,-17.503,-14.789,0.212,100.660,-2.098,1.995,7.555,-16.017,-29.906,11.871,-0.405,-20.297,-57.218,23.757,-11.998,38.872,-22.757,13.786,-3.506,45.053,-27.218,9.258,9.109,-32.166,-112.155,-15.194,0.877,-128.870,15.603,-3.088,2.348,123.651,9.275,7.020,3.849,5.203,5.733,3.139,-1.756,-5.857,-1.757,15.159,-5.239,44.693,-23.745,0.672,1.628,56.143,-24.262,-0.431,5.662,-21.211,-26.856,-7.759,-2.127,-109.893,-6.452,-5.905,-9.611,133.056,3.776,-5.406,7.414,16.416,27.037,-32.690,3.007,-11.336,20.377,-16.921,-2.727,29.988,6.246,-5.141,-0.061,37.833,-1.583,2.637,7.590,-38.173,51.461,4.598,-2.161,-59.528,-19.565,-12.399,-21.296,106.138,2.042,-9.873,4.727,-13.438,32.622,-21.087,33.684,-17.612,109.845,-17.061,32.373,-30.036,66.919,-3.973,4.227,44.948,29.083,13.756,6.455,-28.809,24.144,4.420,14.334,-22.046,-17.676,-11.789,-16.501,103.129,26.614,1.875,0.126,-70.633,-63.896,-7.038,-29.248,-22.270,-97.421,-34.250,24.841,-11.314,-7.370,-17.017,2.744,42.227,-45.132,8.360,-5.271,4.458,-104.912,-5.155,32.446,
590.173,146.169,53.835,43.003,407.710,88.183,36.638,33.081,49.307,160.291,-3.209,5.987,1.465,46.460,-41.455,11.797,32.084,-87.538,-40.869,24.056,3.344,2.035,0.475,4.148,-17.641,93.772,4.589,29.535,135.881,-95.058,18.436,-36.435,237.363,-4.808,8.016,-0.919,5.487,-12.266,2.816,-3.438,-28.663,18.851,-1.974,-10.346,37.008,-28.695,8.613,3.814,68.620,-45.828,-3.733,8.354,57.915,47.030,19.060,0.579,-89.658,-14.837,3.883,-22.324,167.306,22.105,13.825,2.408,10.106,60.238,18.056,3.053,-34.687,36.217,9.785,-20.628,-21.764,-17.580,-6.417,-3.596,37.938,-28.301,13.221,10.112,14.129,31.979,3.848,-8.944,-103.548,8.899,12.967,-9.101,113.972,4.629,3.877,3.469,11.198,17.135,-16.735,9.599,-50.005,29.177,-19.391,-6.521,-12.388,-5.164,-15.233,-4.329,102.320,-23.124,7.418,13.569,-14.597,-32.477,-8.198,-6.891,-94.933,21.438,5.495,1.035,61.738,-21.137,-17.458,2.654,-27.011,-75.778,-35.543,-3.518,-16.546,-8.935,2.483,-23.895,-31.990,72.606,2.362,-18.097,66.744,-52.275,-2.194,30.845,-41.529,-63.263,-2.844,11.329,-102.770,27.394,4.817,6.131,34.957,-7.859,-16.515,3.597,-6.380,-29.126,-10.531,-6.693,9.764,14.285,12.460,18.242,-66.689,49.389,-23.120,11.343,9.796,-27.751,8.053,12.219,-13.500,-10.030,-2.248,42.178,33.076,37.586,-15.377,-16.356,70.431,17.899,0.364,-11.402,-29.181,-90.493,-9.180,-77.779,38.119,-57.144,-59.143,22.151,-75.243,127.368,-41.190,26.692,44.505,83.803,47.876,-7.247,-15.014,24.905,2.940,-7.747,
270.011,61.434,0.933,-9.395,88.183,536.493,57.886,14.720,-38.945,776.922,64.075,-6.276,-16.465,316.317,-52.992,3.220,10.063,144.363,-47.732,-2.353,-85.516,-2.713,-38.195,-18.813,-120.249,-13.354,-26.596,-0.768,50.582,-82.249,-42.354,-14.595,-62.564,123.454,0.972,-6.650,-8.279,132.146,-8.847,-0.263,82.958,30.913,-7.973,23.035,-26.592,12.828,-25.718,33.815,-110.828,18.828,-22.388,-10.589,-57.756,102.179,-18.546,-17.670,-114.816,-30.365,-43.438,7.349,-81.313,172.587,9.964,-5.060,-15.956,332.298,28.526,4.548,25.902,50.959,-0.523,16.638,14.445,32.606,-26.984,28.175,-29.218,128.968,-15.913,-3.676,-69.710,85.903,-29.284,-16.739,-157.994,-16.511,-27.860,20.811,-81.314,45.913,8.529,-4.432,-14.668,39.013,-5.879,-5.419,19.426,-66.610,-35.478,4.145,6.075,-31.014,-7.660,27.028,-5.254,-5.327,-7.461,14.170,-47.452,-80.205,-9.800,-9.745,-179.459,38.295,1.573,35.825,-60.849,131.432,5.268,-3.130,11.887,133.862,-21.972,2.467,24.160,109.080,-5.860,-7.454,-43.897,46.788,-5.247,9.515,-11.422,33.359,1.280,36.325,-18.320,7.159,-5.604,25.952,-183.948,116.497,16.413,15.289,-74.279,112.691,-4.378,8.035,-38.295,73.118,-40.388,32.097,13.818,-14.097,-26.622,36.021,-10.504,-10.219,-20.194,9.847,19.198,34.471,-5.069,0.823,47.549,71.947,-12.942,30.913,-93.382,51.262,-28.944,-25.340,-54.016,189.111,-8.525,12.200,-121.607,162.415,-13.739,-54.131,5.652,12.192,-33.509,20.173,14.280,53.035,-13.319,26.475,35.197,64.934,12.323,-17.239,126.151,-37.153,-7.775,-11.288,
85.242,5.921,4.196,-1.081,36.638,57.886,39.589,1.560,-13.109,124.260,58.795,-6.806,-6.269,51.831,2.828,-5.051,13.658,19.330,-12.718,0.603,-0.229,0.007,-11.996,0.014,-5.127,23.327,-6.194,4.819,59.402,-19.137,-5.831,3.634,5.541,18.120,11.892,-1.465,0.734,13.697,14.528,-0.790,5.585,-14.416,-3.955,3.069,8.667,-12.442,-5.845,10.230,-5.050,-11.710,-3.996,4.383,-5.207,18.915,-1.623,2.055,16.974,-9.785,-7.529,-1.305,-9.862,5.049,2.868,-3.275,1.478,24.243,11.780,-0.706,-7.341,15.234,13.391,-1.221,-3.897,12.729,3.608,3.379,1.355,23.136,0.599,3.529,-1.654,42.816,1.540,1.847,3.427,-4.286,-6.407,6.047,-6.895,13.583,4.507,0.712,1.340,40.876,10.934,-1.177,-14.410,28.874,4.324,-2.214,-13.839,10.167,4.509,1.332,15.754,8.527,4.598,2.946,-5.619,1.742,1.350,-2.537,-9.980,2.941,-3.113,11.682,-10.965,6.855,-2.728,-0.587,-1.259,-10.734,-0.754,-1.169,2.229,-0.725,6.760,-6.343,-9.005,14.700,0.154,0.749,9.761,-6.456,0.456,10.378,-20.082,-13.453,-1.940,7.601,-37.318,13.321,1.821,4.846,-18.558,3.708,-4.094,-0.543,4.947,-3.168,-0.656,-3.863,11.685,-10.242,2.420,1.454,-6.279,-2.593,-3.113,4.252,7.092,0.456,0.800,2.580,0.127,29.438,-0.169,11.581,-50.758,-19.231,-3.304,-2.914,-9.720,9.471,-2.390,4.161,5.878,8.219,-1.643,-18.472,15.895,-7.306,-4.486,9.647,-5.485,20.889,-1.927,12.695,11.511,10.674,12.966,-0.541,14.696,-1.989,2.604,-7.344,
37.672,47.445,0.543,24.309,33.081,14.720,1.560,19.779,-9.237,10.582,-0.569,8.984,-13.774,-12.327,-4.597,-3.038,-22.489,-16.875,-3.366,-3.852,-6.882,-10.279,2.685,2.082,-0.265,5.572,5.605,2.058,-15.361,-5.153,-1.282,2.183,37.348,0.945,2.114,4.668,5.443,11.494,8.877,1.733,-0.287,20.136,7.086,1.508,-10.270,5.807,1.502,2.324,0.997,-15.963,-0.580,0.456,0.656,-6.026,6.967,1.672,-36.709,-7.657,-5.199,-1.656,42.569,6.450,-1.019,1.367,7.328,16.398,-1.059,3.470,-2.867,-7.259,2.874,0.318,-5.922,-10.868,2.707,-1.669,0.707,-3.949,2.984,0.544,6.369,-13.229,1.472,1.089,-46.581,-1.635,-3.353,-0.302,38.787,-0.212,-1.473,1.179,3.374,12.418,-4.935,1.953,1.530,17.544,1.525,0.722,-6.633,-1.009,1.962,-0.466,-4.094,2.711,3.691,0.988,2.710,1.805,0.068,0.984,-44.230,7.388,0.756,-4.686,36.218,7.047,1.751,1.690,-1.326,7.299,-6.362,2.279,1.491,-5.509,0.474,0.586,-3.154,-5.616,1.257,0.893,-8.717,-11.374,-0.767,4.043,-7.709,-12.179,1.504,1.930,-28.354,9.244,0.619,-5.301,28.203,5.138,-0.991,4.662,-22.356,2.323,-6.731,7.187,-2.722,4.187,-0.377,11.788,-16.812,12.478,0.827,8.485,-18.482,4.498,3.337,4.789,-5.521,-14.004,3.388,9.603,-9.489,15.352,0.951,5.548,37.619,21.953,2.100,1.887,-28.945,-1.654,-1.927,-16.396,-19.284,-32.807,-6.536,-0.486,-18.679,-12.874,-5.486,9.041,-12.437,7.124,3.166,3.390,11.753,3.779,3.037,21.914,
20.677,-28.569,2.370,-25.815,49.307,-38.945,-13.109,-9.237,212.761,82.079,-60.148,30.871,106.059,238.806,-109.387,48.452,31.369,131.927,-112.327,34.274,0.010,56.366,-64.506,40.634,-21.114,-0.564,-12.242,28.287,39.861,-6.522,12.449,-14.637,-22.017,-21.740,-9.696,-7.463,3.884,-28.897,-45.937,2.188,6.397,-4.359,-29.157,5.296,-7.422,-24.573,-3.480,9.792,19.560,-1.256,-21.190,13.551,30.820,30.636,-15.555,8.241,47.101,-5.033,2.582,-7.920,-31.558,-1.949,-5.009,3.222,45.417,50.092,-20.274,21.677,-1.223,90.767,-32.589,7.527,-66.900,2.473,-23.415,2.062,3.897,-50.635,-19.355,3.777,25.331,28.989,-29.520,3.194,33.140,13.731,-2.486,5.814,-46.756,-25.976,-11.398,-0.837,1.289,-57.509,-26.861,-1.010,11.284,-28.576,-39.615,1.027,-20.935,-6.383,-20.537,0.665,37.162,2.186,-15.081,14.738,29.551,24.127,-12.753,6.604,1.574,27.346,4.235,23.465,-24.039,-11.274,-6.624,-1.004,19.742,-27.154,5.230,-4.581,5.000,-21.911,-10.141,4.309,-22.945,2.362,-12.906,10.471,21.217,-38.934,-0.595,-7.588,31.708,-35.388,-3.638,-2.014,29.847,-13.301,0.220,29.806,20.615,0.974,1.900,3.679,40.416,-10.508,-9.627,-11.847,18.347,-48.944,-20.344,-11.468,-8.460,-30.644,-6.565,3.053,12.950,-58.578,-7.856,-4.153,7.246,-107.497,-8.234,-25.592,122.105,-25.516,-9.879,33.366,57.701,-0.354,-2.473,18.126,-0.765,-0.826,-4.807,-10.642,16.748,8.523,-14.549,-26.554,-35.484,61.331,-40.143,-4.938,17.833,94.578,1.680,-0.921,107.016,69.233,0.136,25.485,
1108.570,100.109,-29.075,-50.068,160.291,776.922,124.260,10.582,82.079,2558.531,204.021,28.188,22.899,1656.135,-231.585,-35.545,427.637,509.035,-235.927,60.011,-57.704,-93.040,-160.862,31.449,-365.851,-245.655,-88.367,-2.804,739.629,-149.075,-105.571,-23.309,-340.480,176.701,-5.624,-27.158,-98.559,255.120,-87.296,-3.432,339.954,-119.291,-101.583,82.860,340.660,-195.568,-103.817,157.819,-209.566,-6.470,-102.339,-26.273,-213.005,8.944,-101.839,-51.365,391.097,-113.554,-125.704,21.225,-348.469,277.500,6.038,-7.662,-4.928,991.004,67.428,28.045,53.631,414.713,-1.004,41.806,69.494,-78.188,-85.585,88.428,-125.311,285.052,-55.983,-20.311,-215.982,260.350,-75.136,-40.335,217.066,-58.144,-90.941,87.606,-341.074,116.857,-10.537,-1.292,-52.401,265.310,-52.475,-12.977,64.613,8.880,-160.684,14.876,133.496,-112.034,-66.102,106.700,-79.460,3.188,-41.539,49.622,-185.457,-75.458,-12.241,-31.986,79.278,-14.303,-55.185,132.544,-220.857,86.794,-11.834,-8.153,74.372,148.550,-25.767,3.836,65.382,254.780,-35.013,9.411,-152.277,40.063,-5.928,81.208,-106.689,19.612,-9.556,161.466,-132.029,-29.707,-17.889,100.179,-203.384,25.528,-12.524,85.379,-127.071,83.055,-23.767,32.008,153.601,74.948,-10.351,76.024,22.212,-109.791,-24.587,72.242,34.383,-138.019,-32.203,56.015,13.933,24.658,-14.521,79.462,74.974,155.995,-32.858,234.322,-116.861,-235.853,-50.039,-36.950,-172.786,92.002,-24.851,22.230,-51.699,151.257,-16.564,90.258,15.351,48.894,-27.804,163.735,91.975,183.066,-15.122,65.638,178.461,135.364,63.927,-19.738,347.299,-33.089,8.107,-49.416,
-98.248,52.393,-6.470,14.734,-3.209,64.075,58.795,-0.569,-60.148,204.021,245.663,-38.775,-54.024,111.943,157.049,-65.241,58.358,69.848,47.737,-33.292,53.151,-17.142,4.116,-10.156,0.652,-23.799,-11.012,-2.299,37.922,-8.505,-18.444,33.679,-15.210,24.454,17.337,3.645,13.157,34.142,65.007,-2.128,14.005,-50.363,36.529,-2.035,41.658,-27.435,4.376,20.850,-0.915,-13.723,21.990,-0.426,-15.614,-4.739,-0.687,1.571,16.901,-12.967,-17.010,7.545,-22.167,-5.715,8.719,-7.017,-17.378,-8.609,62.959,-14.630,-12.655,4.449,89.497,-7.840,17.867,2.318,30.937,11.728,22.757,-6.807,20.952,6.954,-21.063,-27.245,17.440,8.219,-8.707,-3.390,-7.343,14.254,14.990,40.705,18.094,10.368,10.423,126.194,55.473,3.284,-26.073,92.749,33.056,-9.398,5.449,8.308,12.885,4.092,27.665,-24.925,2.296,11.858,-31.401,-23.370,8.331,-3.788,-26.892,-9.056,-3.671,12.077,4.915,17.231,-1.781,6.439,-25.741,-16.832,-6.136,-2.047,-6.527,6.165,34.579,-24.067,-31.999,36.172,11.017,-5.113,-12.744,3.975,-0.646,40.477,-47.356,56.244,-2.416,51.887,-72.256,-4.865,6.979,-10.299,-12.788,1.990,-2.808,-2.621,-6.933,-20.823,16.354,-20.516,30.406,-22.443,34.254,-14.974,24.873,-19.724,2.833,-11.050,34.601,3.035,11.036,-0.249,21.772,129.514,-2.628,62.174,-110.107,-44.016,9.503,-15.736,9.628,8.908,0.465,6.230,27.458,2.079,0.906,-7.472,30.824,-17.406,4.250,36.186,29.750,41.848,14.145,9.236,59.173,-46.227,18.397,-17.511,-41.160,-118.955,3.084,-58.253,
61.826,-15.777,5.563,-3.901,5.987,-6.276,-6.806,8.984,30.871,28.188,-38.775,76.749,17.953,17.813,-53.524,69.473,-20.567,-30.981,-48.638,36.844,-39.719,-50.840,-31.870,18.366,-23.256,-49.065,-2.096,6.121,32.575,6.753,0.484,-8.023,-16.722,-3.119,-4.117,0.034,-8.697,1.522,-17.189,11.411,38.340,-7.579,-13.371,19.207,2.662,-0.756,-14.081,16.384,-40.004,7.244,-12.185,5.853,6.338,-33.101,-6.352,4.899,17.164,5.397,3.215,3.560,-14.652,12.387,-4.620,5.680,11.333,62.222,-13.783,19.216,25.862,18.924,-24.974,19.006,-18.825,-19.747,-18.874,6.150,-54.250,13.370,-11.080,-3.153,1.517,-10.459,-10.084,8.204,7.193,0.653,-3.776,14.153,-21.835,-7.918,-6.237,1.869,-1.164,-13.768,-20.141,5.794,31.552,-6.165,-21.251,12.865,1.795,4.812,-7.394,10.972,-50.488,22.470,-1.892,-0.896,-7.779,20.382,4.717,-2.227,-7.256,-3.898,-3.950,14.800,-6.806,-2.620,-2.762,3.927,14.289,17.850,-11.866,0.948,14.436,-11.684,-14.648,7.187,10.165,-45.776,-6.694,11.658,-13.094,-36.168,-5.781,7.335,-15.038,-90.167,-5.589,-14.672,-22.901,-10.432,-7.054,11.114,10.393,0.375,-5.457,11.231,8.370,16.140,-14.673,13.699,-11.229,1.317,-11.082,10.181,-17.306,-36.698,-0.146,13.557,-41.216,-13.486,-7.751,10.310,-28.926,-24.186,-8.888,27.056,-29.828,-32.975,-1.209,9.863,9.308,-6.025,-2.829,1.038,-3.138,-3.398,-2.132,11.813,-9.684,4.324,5.169,3.845,-2.216,-30.394,12.933,-1.255,-23.647,16.792,3.225,16.327,45.812,132.387,-4.924,74.020,
-68.782,1.824,-1.357,-21.815,1.465,-16.465,-6.269,-13.774,106.059,22.899,-54.024,17.953,309.348,72.709,-113.847,122.387,222.458,12.324,-119.113,97.212,-33.396,-96.782,-101.884,39.615,-114.761,-185.143,-35.462,19.233,77.753,-22.968,8.468,-14.496,-56.252,-15.667,-9.718,-8.704,-21.411,-59.403,-57.919,-1.628,162.426,-51.875,-34.942,22.694,108.523,-59.037,-16.337,33.965,-60.808,43.310,-20.622,-1.276,-27.869,-72.311,-43.948,-6.229,79.277,-19.032,0.499,0.626,-89.277,0.702,-10.290,6.631,11.906,66.207,-38.929,23.410,71.661,71.861,-71.930,36.274,41.975,-34.555,-34.899,31.113,-49.200,97.377,-24.315,-13.346,-42.840,-61.232,-52.735,-12.954,70.625,-0.308,-4.947,11.148,-103.766,-40.012,-13.765,-6.076,-22.318,-150.950,-50.144,-7.298,84.439,-130.460,-69.781,15.680,134.452,-70.433,-31.073,30.836,-82.968,-23.200,-27.003,15.313,-62.435,-46.415,-26.001,-6.104,36.923,16.663,-8.101,31.159,-36.392,-6.948,5.448,-1.978,48.160,45.998,32.125,2.085,25.949,55.308,-16.936,23.495,35.832,-33.725,-27.621,42.726,-49.478,11.416,-10.713,17.224,-63.736,-45.218,-9.508,7.593,23.762,-5.312,-5.520,38.867,20.583,3.590,2.716,9.591,72.047,23.819,-12.475,47.186,-18.996,-22.464,-52.041,16.264,47.292,-60.963,-12.523,5.914,-19.315,-5.094,-14.640,18.570,-20.619,-105.015,-19.545,31.046,38.801,-84.201,-19.366,21.058,37.893,-9.757,-9.260,15.212,5.652,36.802,-12.399,37.305,-11.343,52.296,1.543,-52.021,45.544,-43.133,-32.115,-45.905,-20.385,-36.907,-39.983,1.361,79.947,60.399,-16.026,52.787,
368.782,20.142,-27.819,-35.166,46.460,316.317,51.831,-12.327,238.806,1656.135,111.943,17.813,72.709,2125.412,-242.472,-75.866,382.364,1326.984,-366.599,81.240,46.784,405.682,-250.662,100.347,-231.096,-48.512,-87.604,20.564,502.770,-106.618,-0.975,-22.453,-274.868,35.194,-15.063,-19.685,-128.338,-0.008,-134.747,-17.027,62.351,-143.167,-137.934,4.858,384.719,-197.154,-96.154,77.533,45.811,-5.096,-115.587,27.514,-131.031,157.487,-118.963,-26.359,346.710,-150.588,-16.327,-37.253,-287.330,128.525,3.331,-13.725,42.500,710.412,36.799,29.170,-15.455,696.520,-8.049,15.174,49.514,58.923,-94.769,49.462,38.771,117.406,-82.925,1.147,-130.212,527.989,-64.348,-7.479,206.584,4.254,-31.799,51.904,-316.865,33.146,-14.890,-12.276,-41.940,102.842,-85.415,-21.555,17.393,29.549,-206.161,-7.979,181.092,-83.225,-102.578,57.830,145.268,-67.211,-68.938,67.566,-79.986,-12.990,-12.633,-16.147,165.518,7.199,-37.173,91.238,-231.270,34.524,1.724,-8.979,25.466,18.898,-19.569,-17.675,18.844,128.229,-57.277,15.658,-136.656,16.968,-16.131,65.959,37.000,-41.203,-8.442,80.933,-19.399,-79.353,-19.452,45.827,-31.174,-6.448,-13.849,117.990,-56.392,39.128,0.341,21.208,208.253,30.848,37.306,-41.651,72.363,-81.390,-14.882,-27.586,67.381,-92.593,8.591,19.289,-41.420,-50.649,-20.475,29.269,9.807,7.680,-39.482,104.696,-12.506,-229.701,-37.407,55.205,-9.151,46.999,-9.728,54.000,122.582,140.580,-8.135,180.902,62.311,173.200,28.371,96.668,104.168,91.529,29.123,-15.181,-45.472,158.499,28.489,-10.079,369.271,99.722,40.516,-30.290,
-515.905,25.159,-10.966,12.845,-41.455,-52.992,2.828,-4.597,-109.387,-231.585,157.049,-53.524,-113.847,-242.472,329.492,-117.303,-6.195,-37.433,249.896,-93.063,90.409,95.410,104.035,-53.320,85.416,63.399,9.429,-26.419,-228.523,19.986,-10.657,42.602,73.151,-0.127,10.126,11.841,32.724,26.133,88.234,-4.190,-65.982,-25.241,90.848,-24.614,-37.685,-8.631,45.031,-30.169,57.442,-2.157,62.077,-10.450,1.808,-12.238,42.426,-6.462,-137.064,16.966,13.286,11.991,95.958,-23.835,17.449,3.212,-39.044,-116.990,74.474,-35.165,-35.087,-50.795,118.463,-26.299,21.601,35.093,67.820,-16.034,74.070,-87.429,56.948,1.485,-21.105,-119.149,47.219,-2.833,-109.826,16.940,31.895,-12.899,125.489,31.194,28.588,10.129,11.951,69.101,68.824,2.671,-36.662,32.538,74.673,-15.055,42.844,-2.835,24.667,-22.659,79.718,-72.302,0.115,-7.479,-19.898,-66.511,5.193,-3.248,-67.002,-16.729,27.395,-42.988,77.975,-0.091,2.837,6.359,-51.459,-16.118,-12.619,-3.028,-31.666,2.254,36.328,-26.672,17.488,21.154,27.955,-32.518,24.067,-0.587,5.063,9.707,-34.004,92.380,6.304,45.295,-23.721,-12.724,19.850,-51.230,11.753,-7.945,6.214,-11.566,-17.056,-16.113,28.152,-25.963,27.848,32.651,56.650,-30.290,68.993,4.631,18.092,-27.026,44.228,-11.315,20.063,-11.841,-6.563,114.468,2.680,47.226,24.590,50.174,29.292,-20.531,-8.798,-20.832,9.103,-19.155,35.679,-34.008,7.519,6.031,38.769,-12.682,15.748,46.980,66.702,-42.520,68.794,-6.435,52.788,-154.392,18.232,-21.406,-163.589,-176.373,-10.707,-64.014,
135.489,-29.411,33.382,-20.969,11.797,3.220,-5.051,-3.038,48.452,-35.545,-65.241,69.473,122.387,-75.866,-117.303,211.457,21.450,-107.075,-103.066,144.042,-91.482,-174.773,-71.788,35.360,-117.548,-234.205,-22.711,4.725,107.639,-2.959,11.107,-27.134,-35.974,-14.044,-9.520,-6.132,-23.268,-47.767,-42.429,7.977,78.585,-38.236,-37.364,35.558,54.358,4.951,-27.953,55.108,-66.125,31.465,-27.697,11.034,-27.316,-112.065,-38.427,0.077,75.697,-13.807,-2.099,-8.645,-54.943,12.150,-12.196,4.722,12.406,36.637,-46.220,33.848,53.244,27.885,-69.209,37.946,22.906,-22.085,-30.915,28.342,-78.676,82.578,-25.444,2.839,-21.454,-36.557,-37.961,11.516,57.019,-6.191,-8.864,8.354,-75.752,-23.645,-12.345,-2.288,-5.154,-61.599,-38.357,8.464,49.435,-16.406,-45.969,24.294,42.106,3.074,-16.177,28.751,-75.288,36.083,-2.615,5.794,-34.068,26.144,2.507,-2.438,49.948,-0.934,-10.005,17.808,-29.704,4.502,5.062,-0.599,34.936,73.971,16.416,5.268,9.357,37.696,-37.220,35.108,46.207,-43.655,-18.126,36.888,-6.344,-34.008,-6.850,8.310,-54.015,-115.596,-9.718,-25.881,27.129,-2.451,2.291,28.171,9.992,8.027,-1.941,16.546,13.661,40.373,-29.470,51.204,-68.694,-5.796,-48.833,21.888,-12.429,-48.506,-4.056,19.835,-36.782,11.243,-14.719,22.556,-53.694,-33.604,-10.512,37.231,35.644,-57.398,10.934,19.815,-2.570,-1.408,-10.150,7.565,-38.118,39.529,-8.155,10.987,-41.668,40.604,4.714,-51.575,-55.595,-38.052,2.381,-17.953,-49.871,34.997,-18.489,22.562,82.126,198.468,-9.141,110.642,
106.641,71.919,-24.063,-34.591,32.084,10.063,13.658,-22.489,31.369,427.637,58.358,-20.567,222.458,382.364,-6.195,21.450,762.974,-139.477,-32.279,89.963,304.819,-336.438,-70.773,6.286,-181.668,-392.206,-67.027,-13.449,327.427,-84.055,3.487,-20.741,-89.896,2.915,-0.234,-10.120,-49.051,-8.526,-26.064,-8.796,148.472,-102.095,-18.109,-3.007,424.488,-223.594,4.176,15.562,97.391,26.000,-1.370,-13.938,-46.690,57.171,-36.378,-20.151,232.489,-73.405,-10.347,-11.258,-128.544,15.316,-2.119,9.451,-15.594,236.692,5.987,20.529,19.120,224.107,-8.098,0.793,120.278,-39.299,-11.077,14.058,37.342,108.908,14.433,-26.883,-98.376,-23.115,-57.791,-32.792,182.070,-40.876,-6.011,5.802,-145.230,-32.879,-20.663,-3.243,-34.462,-131.001,-53.206,-15.598,61.696,-149.929,-71.258,-10.436,301.970,-107.168,-40.521,9.805,30.026,-110.493,-41.240,-1.543,-158.081,-198.847,-44.732,-23.920,135.924,-28.057,-10.627,25.431,-78.444,-36.168,8.583,-2.581,43.514,59.446,70.607,-4.060,18.544,206.490,-5.084,5.503,8.704,35.614,-13.985,39.887,-37.444,41.840,-16.944,66.418,-135.606,-62.837,-14.216,21.513,86.605,-31.688,-11.823,35.023,39.146,-22.376,27.291,1.302,161.838,8.513,87.559,23.256,-38.418,-56.990,-16.497,-7.824,112.946,-120.170,-0.391,15.150,-41.735,45.722,-20.693,69.866,4.547,70.786,-24.908,131.208,143.150,-101.799,-13.600,-22.854,30.901,-53.400,-12.704,41.082,132.933,116.058,3.030,149.739,5.289,130.280,89.791,-54.488,128.114,-151.870,76.075,-64.612,-19.535,-127.194,-34.804,-18.569,115.848,-5.141,-12.972,12.335,
-810.289,-136.700,-13.254,-1.916,-87.538,144.363,19.330,-16.875,131.927,509.035,69.848,-30.981,12.324,1326.984,-37.433,-107.075,-139.477,2069.754,-211.807,-30.210,-186.222,1533.168,-220.662,107.325,-20.596,590.507,-41.868,64.179,-162.441,29.929,62.425,9.750,-118.972,2.945,-9.441,1.843,-69.570,-69.822,-84.243,-17.726,-80.492,-123.272,-65.624,-47.312,95.911,-0.377,-59.232,12.739,-20.069,206.373,-71.133,46.184,-111.097,211.617,-65.814,-5.405,3.485,-83.536,72.034,-75.127,-97.985,50.202,14.348,-24.337,46.122,286.572,9.754,-13.250,-20.586,501.740,-1.740,-6.759,-18.181,158.796,-43.395,6.508,89.689,158.285,-57.887,12.253,-40.633,395.895,-48.283,13.377,-0.665,48.253,32.895,-14.869,-141.774,42.456,17.282,-17.151,-34.347,59.422,-51.020,-25.409,1.201,4.665,-125.944,-11.584,129.481,-29.978,-42.697,10.692,157.510,-106.112,-54.009,35.584,39.553,-55.500,-14.659,-9.079,78.307,36.415,5.331,0.781,-129.405,61.340,13.063,-9.186,-35.940,38.053,-54.909,-8.791,14.398,40.610,-3.360,9.340,-86.407,38.183,13.662,28.473,-5.139,18.889,-0.697,28.273,34.635,-21.425,0.714,51.673,68.861,48.832,16.612,65.468,-95.910,53.900,0.227,5.011,78.742,63.500,0.280,-62.835,162.160,27.123,10.573,-55.272,97.003,22.319,68.146,-29.648,-108.321,57.742,26.528,2.082,25.388,-17.937,-11.375,113.179,-31.688,-69.876,-58.661,70.013,-24.865,81.100,-6.695,32.643,31.092,116.042,-5.218,57.940,29.591,21.301,60.756,-5.209,47.964,-236.333,57.430,-41.800,-218.557,-49.971,-46.685,-4.954,186.258,-66.040,33.609,-18.751,
-562.445,-52.362,-16.321,-7.034,-40.869,-47.732,-12.718,-3.366,-112.327,-235.927,47.737,-48.638,-119.113,-366.599,249.896,-103.066,-32.279,-211.807,346.087,-107.442,84.456,45.852,190.517,-72.641,74.006,-46.984,21.006,-29.322,-347.707,75.437,-16.781,34.595,75.651,4.453,5.834,9.999,27.664,53.054,79.682,-0.114,-51.949,23.479,105.001,-17.922,-53.478,3.379,78.932,-45.796,23.907,14.915,72.714,-25.659,-12.379,2.689,61.655,-12.336,-181.269,64.833,5.079,25.307,122.414,-2.268,15.298,7.729,-34.167,-80.306,66.698,-31.016,-24.689,-120.494,101.129,-32.123,38.696,-29.795,70.180,-32.470,42.036,-64.705,64.349,-10.893,-44.233,-119.376,56.962,-8.401,-119.090,6.351,26.290,-21.265,159.544,40.087,20.152,10.738,13.795,70.716,71.447,1.230,-0.917,26.502,107.838,-15.823,43.591,-20.917,42.153,-30.046,11.020,-57.269,5.249,-20.992,-54.369,-48.179,2.942,1.166,-81.759,-16.592,27.181,-47.146,103.263,-4.384,-1.215,5.267,-29.413,-20.310,6.601,1.016,-3.899,-31.918,50.279,-17.703,51.903,-49.632,32.460,-30.588,-33.261,12.723,4.434,-8.726,-59.538,135.498,13.412,25.951,-37.956,-4.905,24.357,-58.889,7.528,-1.103,9.014,-14.612,-46.879,-21.723,21.693,-15.346,31.898,-8.327,62.984,-17.071,95.579,-42.674,21.101,-20.204,11.021,-9.381,16.511,-5.791,-55.382,79.413,10.078,6.736,38.555,76.781,25.478,-25.004,-67.458,-23.769,8.102,-34.981,1.310,-41.193,17.288,-21.475,32.521,-48.715,20.206,37.472,67.445,-104.464,55.185,7.461,36.815,-175.769,-2.708,-8.820,-190.363,-187.085,-22.457,-40.027,
152.916,0.701,31.114,-9.104,24.056,-2.353,0.603,-3.852,34.274,60.011,-33.292,36.844,97.212,81.240,-93.063,144.042,89.963,-30.210,-107.442,193.127,-46.086,-206.363,-70.127,72.527,-121.286,-226.169,-33.303,-0.711,110.930,-11.132,6.607,-12.140,-27.578,-14.972,-8.037,-5.789,-24.258,-55.237,-37.902,-2.046,37.297,-24.841,-35.824,22.267,64.073,-9.851,-22.057,58.503,-10.597,18.802,-25.632,29.202,-12.268,-72.684,-39.510,1.573,91.118,-23.444,-7.141,-2.290,-48.667,-1.143,-9.864,0.503,2.783,31.828,-31.566,21.032,19.059,83.720,-50.359,26.553,36.053,7.766,-33.288,28.478,-15.226,18.671,-21.221,5.349,-25.100,-85.477,-40.268,5.482,72.119,-11.139,-8.338,7.700,-71.992,-24.727,-12.591,-2.374,-15.500,-75.612,-38.158,1.861,3.559,-44.013,-49.482,12.288,48.119,-11.966,-23.789,18.460,10.169,2.932,-9.311,15.537,-12.073,-20.962,-2.496,2.411,64.554,-5.452,-12.239,13.617,-11.046,-4.512,11.072,-2.648,32.546,67.380,37.646,0.613,-11.789,82.856,-25.466,34.608,-14.262,21.833,-9.464,39.936,12.300,-3.912,-2.290,11.818,-5.542,-58.073,-5.876,-15.533,57.349,-10.800,-7.654,27.710,50.156,0.317,1.778,18.026,44.641,32.123,-8.453,41.731,-76.117,18.922,-39.093,15.586,-28.037,-9.467,3.911,19.386,-15.648,21.881,-6.484,10.767,-3.578,-17.958,-5.102,30.016,106.318,-47.104,3.841,37.330,31.612,-6.600,-9.164,21.423,-6.728,50.266,-5.200,27.633,-43.464,53.818,16.108,-60.486,-65.186,-22.219,21.506,-22.510,-51.996,25.779,-6.623,2.820,88.049,93.882,6.826,41.546,
-61.034,158.678,-32.271,15.139,3.344,-85.516,-0.229,-6.882,0.010,-57.704,53.151,-39.719,-33.396,46.784,90.409,-91.482,304.819,-186.222,84.456,-46.086,651.184,-287.745,43.043,-33.565,91.449,-376.419,-38.892,-33.206,68.136,-17.398,-12.418,24.805,39.548,-23.857,5.336,7.015,-4.810,-29.075,22.738,-4.289,-83.896,-31.858,19.147,-31.250,89.586,-114.004,52.689,-82.329,312.409,-48.144,64.528,-10.160,117.187,55.085,20.778,9.458,14.541,-26.669,-7.038,-6.384,53.530,-49.694,-0.144,-0.797,-1.861,-62.919,35.552,-23.047,-42.979,6.849,65.032,-42.460,-5.069,47.351,45.343,-68.911,164.066,-110.341,41.123,-30.756,60.841,-166.174,-23.595,-9.000,-7.364,-16.391,5.630,-17.224,46.134,-35.987,-8.340,-2.077,-2.426,-62.976,6.384,-12.256,7.699,-79.062,16.556,-24.473,121.667,-89.503,-4.624,-45.147,107.479,-100.673,-16.976,-34.284,8.351,-142.345,-22.871,-14.669,18.603,-20.779,4.470,-31.650,31.946,-23.528,11.009,2.562,-24.253,-20.212,16.363,-9.007,1.813,-26.004,-26.492,-13.936,59.279,-41.085,-7.640,-33.151,26.011,42.053,-8.200,-17.118,-20.568,-74.760,-4.540,-13.081,75.457,-22.309,1.758,-35.937,81.606,-18.754,30.009,-7.654,-21.664,-5.727,56.858,-29.082,0.028,30.554,4.773,-32.373,61.832,26.339,0.946,-9.801,-72.951,50.484,-12.591,20.767,-24.191,97.933,4.738,10.020,229.769,92.347,-3.044,-35.966,89.036,-17.011,-5.425,17.176,58.141,64.124,27.659,58.815,15.166,30.343,74.964,-57.714,70.449,-119.660,16.711,-40.092,-53.865,-32.220,-38.411,5.812,-29.424,-6.087,5.951,15.428,
-1039.294,-135.871,-7.712,-40.971,2.035,-2.713,0.007,-10.279,56.366,-93.040,-17.142,-50.840,-96.782,405.682,95.410,-174.773,-336.438,1533.168,45.852,-206.363,-287.745,3627.954,43.678,-2.670,809.672,3084.595,172.955,141.250,-170.049,50.002,45.215,-33.912,64.621,-10.109,0.455,10.640,0.759,-109.071,-36.676,-11.375,-180.307,-162.685,-65.257,-91.839,113.378,-74.324,-89.749,-57.565,209.760,289.135,-85.442,13.726,116.274,937.989,61.157,-3.148,-145.714,18.095,79.155,-74.484,73.098,35.451,16.002,-6.624,24.867,-53.133,-44.492,-28.317,-111.622,313.617,-30.201,-63.982,-248.596,320.972,-26.141,-84.013,96.669,357.700,-34.877,44.388,330.427,1461.670,144.732,-8.994,-83.810,114.427,43.710,-51.935,51.295,50.097,37.559,-13.582,8.960,180.200,16.020,-1.980,-145.467,182.981,11.245,-35.527,-321.430,146.695,21.758,-93.293,373.424,-20.186,5.285,-8.919,327.180,115.501,17.874,-0.549,128.681,29.887,41.525,-135.187,-45.735,34.945,-9.351,-16.755,-152.842,-74.379,-94.851,-0.321,-91.762,-81.515,18.937,-18.808,-213.087,128.165,24.884,-98.084,178.744,-111.200,18.493,-96.041,285.832,-107.787,3.060,-31.984,342.067,11.266,40.626,-87.800,-182.733,28.692,-23.425,-44.393,-30.226,4.262,27.740,-133.566,131.741,116.121,128.132,-80.212,-161.562,227.602,48.266,-42.062,-109.455,-29.814,19.189,-55.070,248.715,-209.330,0.511,-84.863,236.239,155.697,-46.583,50.004,-261.970,15.519,-3.630,-40.735,102.373,18.887,24.212,-29.081,59.856,-34.763,110.927,20.239,-312.956,-18.691,102.276,13.667,-222.348,281.674,21.297,56.325,330.118,185.685,48.312,-17.840,
-298.549,-24.078,-9.322,4.874,0.475,-38.195,-11.996,2.685,-64.506,-160.862,4.116,-31.870,-101.884,-250.662,104.035,-71.788,-70.773,-220.662,190.517,-70.127,43.043,43.678,211.150,-51.185,116.572,167.899,66.196,-18.938,-241.809,52.674,-8.315,2.867,70.235,-5.284,3.678,7.645,18.077,38.822,45.338,1.166,-55.120,52.219,54.488,-10.840,-27.924,-0.902,46.463,-32.797,57.566,-18.104,41.091,-12.618,22.513,73.449,57.614,-0.766,-129.209,47.010,2.660,7.161,86.833,0.475,13.354,1.953,-23.267,-75.915,36.466,-15.676,-27.952,-101.915,56.544,-21.142,1.759,-31.972,45.293,-26.777,19.765,-39.741,36.492,-6.153,11.037,66.039,65.644,-1.277,-74.605,2.310,8.064,-18.490,106.176,38.450,19.430,4.538,14.628,82.071,59.738,4.428,-19.153,66.453,76.368,-9.883,-26.465,3.709,29.235,-21.887,11.484,-22.793,14.557,-18.872,-8.130,-3.410,9.997,3.117,-47.593,-6.614,12.641,-33.106,50.887,-0.531,-2.936,1.697,-41.607,-37.752,-0.557,-0.233,-13.172,-53.918,20.069,-16.898,40.127,-37.883,15.164,-30.133,-2.183,-10.181,3.953,-17.122,-16.043,56.298,9.153,-2.697,13.588,-10.815,12.030,-40.583,-3.210,-3.393,3.248,-12.028,-76.987,-23.194,11.629,-23.069,11.584,20.557,37.005,-11.161,30.276,8.059,4.594,-11.059,0.564,-18.901,7.113,-6.871,-25.589,34.190,12.331,-45.554,132.033,73.752,26.772,6.505,-14.598,-0.831,10.767,-25.513,-18.692,-31.033,7.479,-37.155,19.204,-16.711,-2.675,-0.933,-6.052,-18.004,14.139,7.398,-13.817,-53.848,7.285,6.114,-123.811,-96.750,-3.235,-33.763,
-61.542,-9.982,4.595,6.011,4.148,-18.813,0.014,2.082,40.634,31.449,-10.156,18.366,39.615,100.347,-53.320,35.360,6.286,107.325,-72.641,72.527,-33.565,-2.670,-51.185,117.209,-43.564,-66.828,-15.172,45.399,42.883,-0.252,9.196,6.115,-15.227,-9.719,-3.509,0.657,-3.543,-35.703,-12.680,-0.023,12.892,-35.332,-10.701,1.768,-0.554,-14.701,-5.026,18.927,-26.701,-5.787,-8.773,29.611,-5.935,-24.047,-23.234,13.800,45.421,-13.042,2.140,-3.330,-13.752,3.782,-3.901,3.228,10.206,32.772,-8.921,10.887,9.365,51.322,-7.683,12.609,-13.855,-15.537,-22.518,15.955,-8.959,-25.342,-11.323,9.107,0.211,-51.763,-26.163,13.975,31.523,6.565,-2.247,7.370,-24.144,-0.484,-8.423,4.712,-6.747,-12.486,-16.516,3.161,-2.639,-17.578,-22.516,6.664,-15.125,-9.881,-6.583,5.576,-5.002,13.530,-5.365,13.535,26.620,19.014,-0.784,11.457,27.071,-2.267,-9.483,11.634,3.337,-8.965,-0.840,0.018,16.473,-1.937,21.063,0.272,4.114,-1.662,17.020,10.028,-36.592,8.608,1.680,16.922,-15.350,16.998,0.118,0.864,24.815,35.004,2.058,11.278,34.164,-18.665,-13.169,17.191,36.265,-7.508,-1.873,4.289,31.772,-0.537,10.473,-3.243,-10.168,0.656,6.186,-3.312,-28.359,-0.259,16.749,2.681,-16.870,9.501,7.737,-4.095,-0.631,15.106,2.754,1.749,73.162,-4.324,-11.479,36.021,67.671,-0.286,-1.854,14.789,19.073,25.890,0.218,-9.387,-19.388,3.159,23.544,-54.152,-61.296,-51.652,20.161,-14.954,-59.753,-24.957,7.463,-2.864,11.483,-23.842,10.157,-5.357,
-378.982,-30.142,-14.808,-12.549,-17.641,-120.249,-5.127,-0.265,-21.114,-365.851,0.652,-23.256,-114.761,-231.096,85.416,-117.548,-181.668,-20.596,74.006,-121.286,91.449,809.672,116.572,-43.564,708.600,1384.931,130.442,17.215,-122.737,65.399,-0.508,-9.970,56.634,-24.314,16.504,4.301,39.815,-66.657,34.784,1.009,-129.394,25.666,17.469,-35.149,-126.791,41.620,2.662,-67.253,193.047,-28.451,13.962,-13.498,252.047,400.224,92.333,21.401,-58.901,46.636,16.027,-17.208,53.348,-47.555,1.652,-5.024,13.739,-220.500,-9.709,-24.753,-62.954,-43.547,18.303,-42.049,-193.835,161.578,18.111,-62.223,18.971,-58.516,7.117,12.983,286.973,429.288,113.353,11.352,-28.713,28.253,5.015,-15.958,59.758,-13.205,4.680,-1.313,19.920,20.291,24.615,3.022,-97.719,93.008,59.913,-25.998,-286.845,122.386,20.517,-64.580,103.778,19.495,31.135,-12.817,263.347,93.146,21.082,29.068,21.931,3.047,8.267,-48.000,0.914,-20.394,-11.045,-0.068,-66.620,-115.201,-47.675,2.785,-36.008,-138.078,21.632,-29.192,-95.499,86.252,11.005,-85.176,83.711,-27.686,19.905,-94.562,249.328,-60.459,18.704,-39.066,108.713,-35.537,4.293,-36.333,-46.807,-20.481,-11.635,-14.341,-102.093,-43.280,-13.069,-50.061,35.838,41.862,39.165,14.218,-160.862,167.691,-16.479,-19.300,13.977,-79.279,6.302,-78.401,161.958,-166.346,32.230,-187.819,264.074,156.655,24.523,66.478,40.861,4.203,11.548,-19.176,-35.327,-100.200,4.557,-66.876,-25.735,-132.807,-16.582,46.207,-203.676,155.652,-76.906,59.114,-50.788,282.233,15.718,26.595,34.054,117.557,45.150,-65.839,
-525.771,-76.161,-16.182,-45.396,93.772,-13.354,23.327,5.572,-0.564,-245.655,-23.799,-49.065,-185.143,-48.512,63.399,-234.205,-392.206,590.507,-46.984,-226.169,-376.419,3084.595,167.899,-66.828,1384.931,6095.271,443.590,150.165,24.808,58.188,13.106,-133.683,66.970,25.442,37.420,-2.289,50.278,-101.673,34.800,-6.617,-262.300,33.671,-58.882,-78.999,-290.626,86.385,-76.861,-134.721,433.852,-25.641,-84.062,-25.469,574.279,1217.525,135.191,55.356,46.311,31.951,44.747,-106.278,-18.458,59.903,34.012,2.636,-53.167,-232.790,-37.292,-18.824,-157.685,108.467,-35.547,-48.899,-528.325,643.662,9.776,-77.547,165.824,152.303,-113.642,66.147,834.190,1648.641,222.667,10.968,118.432,41.361,-29.044,-57.389,-46.311,41.273,51.459,-3.618,-17.862,62.142,13.601,-0.780,-321.600,28.514,9.915,-60.121,-859.916,326.857,27.390,-135.760,395.583,196.224,78.055,8.317,897.305,388.518,66.273,79.378,212.742,64.653,-8.121,-114.087,-221.843,-39.628,-49.898,-6.510,-168.181,-345.896,-195.784,12.543,-119.046,-251.331,-23.550,-90.423,-444.274,481.149,1.446,-176.637,320.011,-108.590,73.414,-186.243,866.345,-254.151,58.804,-158.721,444.742,-63.375,-35.350,-100.126,-401.874,-51.076,-65.740,-76.563,-247.186,-137.850,-27.024,-166.239,113.168,164.609,128.227,2.307,-614.696,652.387,-29.572,-15.950,135.779,-118.894,28.860,-144.827,655.027,-634.034,97.482,-486.430,882.972,272.299,45.899,126.763,-96.439,-25.445,21.589,-61.595,-57.507,-273.501,28.900,-263.448,34.111,-294.598,-2.150,119.358,-710.368,751.470,-130.458,170.490,-167.746,1033.294,132.074,83.602,524.891,459.126,222.561,-211.289,
-94.940,-8.305,1.543,-3.798,4.589,-26.596,-6.194,5.605,-12.242,-88.367,-11.012,-2.096,-35.462,-87.604,9.429,-22.711,-67.027,-41.868,21.006,-33.303,-38.892,172.955,66.196,-15.172,130.442,443.590,102.326,6.051,-72.069,17.695,7.233,-12.600,27.314,-5.359,1.880,2.345,8.616,15.817,9.584,2.340,-22.673,43.857,7.543,-6.040,-30.162,18.526,-0.211,-13.051,40.887,-3.770,3.567,-5.142,57.132,131.981,44.970,3.032,-35.444,24.677,14.825,-4.945,14.074,-1.236,4.166,2.125,-9.883,-26.771,0.976,1.651,-9.488,-24.128,9.275,-4.940,-37.459,30.326,14.269,-10.581,-2.308,0.925,-4.391,2.841,74.815,148.293,37.533,3.282,3.830,1.389,-1.173,-7.595,14.383,11.555,7.036,1.935,0.773,25.608,12.033,5.719,-14.733,23.080,19.835,-4.046,-90.723,21.332,9.183,-12.695,6.317,10.948,10.434,0.344,83.334,34.754,5.182,9.411,12.930,4.236,-2.479,-10.275,-8.302,-2.800,-5.274,-0.212,-28.219,-31.621,-19.866,2.602,-10.871,-55.880,2.266,-5.966,-37.015,8.679,3.610,-20.013,15.217,-19.860,6.297,-20.446,75.411,-38.172,7.079,-12.996,36.036,-4.070,-2.861,-4.540,-21.299,-4.652,-3.960,-4.826,-54.530,-5.983,-1.548,-24.372,-7.334,14.169,11.212,8.676,-64.188,57.657,-0.578,2.383,-0.862,-12.351,9.051,-10.156,47.751,-69.605,14.996,-51.531,43.622,25.067,14.651,16.804,21.678,7.167,10.716,-1.038,-10.271,-11.927,5.122,-20.680,-13.605,-13.713,3.094,-12.942,-81.265,39.341,-2.709,17.343,-48.293,85.178,11.276,25.915,9.731,30.524,26.223,-1.422,
