61.783,132.895,7.094,14.393,112.048,93.711,2.736,28.052,-81.897,10.361,-5.287,0.204,-108.705,-7.536,2.003,-10.706,6.507,41.539,26.234,-1.004,24.287,92.800,13.610,9.119,60.067,59.590,1.341,28.699,45.007,37.745,-2.155,3.841,74.947,3.406,1.645,10.310,-25.819,-17.475,-1.729,1.190,-75.926,2.032,23.516,-7.072,11.421,14.509,19.509,-1.118,7.980,-8.348,-13.786,3.142,88.589,8.931,-1.665,27.155,20.952,-39.215,-15.656,-4.499,43.163,-35.938,-10.324,-0.475,-10.091,-30.591,-2.750,-6.785,-38.369,-20.006,19.977,-8.222,-3.958,-50.382,-42.322,-2.287,-4.099,-70.530,-23.538,-7.998,114.554,-34.042,-3.975,-42.374,4.767,-29.852,-10.264,-5.337,23.165,-21.053,-15.296,-4.687,21.049,-23.122,-3.020,-3.685,-0.353,-14.639,-0.544,-5.844,-13.219,-18.011,-25.527,-1.291,-1.234,-14.427,-3.944,-3.962,35.284,-11.092,8.434,-41.941,7.318,7.310,-9.381,-2.493,4.163,-26.930,-29.506,-3.244,12.977,-28.579,-10.169,-4.212,-27.933,-2.786,4.398,-2.838,-20.350,-0.917,-4.053,-0.535,15.835,-0.102,7.268,-0.210,-20.870,18.903,0.473,-6.925,16.927,4.486,-23.589,-2.570,10.047,-17.032,-19.560,0.500,-14.315,-14.517,-1.739,-4.445,-74.360,-1.264,1.132,-4.128,-15.773,0.032,0.389,-0.736,34.654,-2.788,14.581,-0.136,-18.062,4.811,-25.929,-0.764,34.121,46.529,-12.627,7.915,67.489,54.974,5.091,8.921,4.178,4.145,11.198,-6.614,-113.159,-30.791,-3.728,-7.407,-1.534,-5.841,-8.058,-2.218,60.223,-4.301,-0.220,-1.529,-20.484,-15.080,-23.092,-0.688,
132.895,623.433,22.367,67.452,189.299,285.250,5.927,91.584,-207.072,0.955,-5.471,5.103,-277.519,-26.344,6.933,-35.960,19.470,47.311,56.904,-4.025,56.382,173.399,43.314,8.428,186.543,176.310,6.457,59.130,67.224,74.826,10.777,9.384,198.540,4.855,18.782,36.442,-44.562,-44.044,-17.981,9.231,-196.953,-13.576,9.985,-15.757,36.508,-53.385,2.055,-3.320,12.863,-53.714,-21.278,-8.912,253.567,52.399,-1.565,46.390,50.063,-169.598,-21.705,-10.624,119.758,-99.485,-9.002,-7.655,41.605,-88.185,-34.433,-18.930,-101.317,-48.317,-30.609,-18.761,3.316,-124.587,-114.867,-4.932,-7.786,-167.946,-51.513,-36.949,328.632,-55.027,-9.078,-119.997,20.427,-76.879,-33.945,-11.643,99.503,-36.143,-46.681,-6.149,115.808,-40.890,-35.465,-2.229,28.995,4.838,5.332,-10.684,-12.996,-26.872,-42.956,-2.423,2.218,-38.529,-9.584,-11.760,103.576,-14.233,17.454,-113.513,-28.836,-25.059,-49.994,-3.630,55.191,-67.412,-64.926,-5.439,18.251,-33.408,-5.357,3.014,-25.416,17.549,41.888,0.632,-35.018,1.140,-7.483,-1.064,39.847,-3.919,13.620,-0.552,-45.360,34.467,-0.063,-15.228,-30.020,-49.016,-73.378,-8.881,56.339,-43.113,-49.786,-4.805,-70.226,-23.004,11.545,-14.893,-165.242,2.394,8.530,-9.943,-31.676,-1.209,1.128,-1.767,70.281,-4.819,17.010,-1.061,-16.254,18.128,-69.598,-2.011,64.897,94.292,-40.508,-0.758,99.750,196.480,1.619,13.903,-27.468,18.205,19.521,-23.760,-254.672,-55.673,-11.367,-17.398,-0.999,-14.651,-26.361,-6.320,97.004,-11.248,-27.787,-7.536,-28.832,-39.601,-56.600,-1.812,
7.094,22.367,3.303,1.009,11.534,19.119,1.369,3.226,-7.650,5.780,0.346,-0.646,-14.905,-0.374,1.378,-1.606,3.372,6.213,7.371,-0.219,6.437,21.690,5.752,0.927,22.184,21.751,0.371,7.210,4.777,18.622,2.951,0.515,10.355,7.036,1.520,1.977,-4.281,-0.789,-1.009,0.696,-7.497,0.431,4.247,-0.714,6.537,-0.472,6.732,-0.249,0.855,-6.117,-0.344,-1.705,26.568,-2.810,-0.279,1.696,1.765,-8.315,0.125,-0.498,9.170,-10.110,-1.707,-0.624,-0.347,-6.501,-1.782,-1.267,-3.143,-2.406,3.095,-0.997,1.707,-7.380,-4.590,-0.358,-0.926,-12.198,-3.018,-2.491,25.015,-8.860,-0.499,-11.162,4.074,-3.366,-0.777,-0.946,3.681,-4.688,-1.315,-0.979,3.658,-4.130,-1.943,-1.094,0.918,-2.204,-0.275,-0.908,-2.075,-3.217,-3.959,-0.147,-0.857,-2.367,-1.001,-0.538,7.812,-1.883,0.504,-6.479,0.834,1.234,-1.774,-0.467,1.585,-4.124,-4.841,-0.586,1.011,-2.178,-1.609,-0.140,-3.005,-0.459,-0.776,-0.034,-2.939,-0.364,-1.005,0.043,0.239,-0.241,0.318,-0.039,-0.162,1.537,-0.412,-0.744,1.607,0.620,-2.357,-0.550,1.292,-1.847,-2.556,-0.128,-0.019,-1.515,-0.405,-0.839,-9.820,0.111,-0.174,-0.531,-2.397,-0.315,-0.202,-0.093,2.473,-1.310,1.044,-0.076,-0.394,0.850,-2.376,-0.143,3.742,13.263,-2.238,0.701,2.942,7.336,-0.406,2.315,-0.175,0.334,0.922,0.244,-13.888,-2.689,-0.303,0.090,-2.251,-1.685,-2.280,-0.446,8.914,-1.765,-3.506,-0.537,-0.201,-2.723,-3.207,-0.129,
14.393,67.452,1.009,8.820,19.794,25.953,-0.162,11.131,-20.113,-4.327,-1.576,1.976,-29.115,-3.414,-0.081,-2.312,0.434,6.417,5.479,-0.067,4.548,16.627,3.138,1.955,12.746,12.414,0.525,6.713,6.267,-5.195,-0.181,1.008,23.517,-5.370,1.750,4.174,-2.757,-6.348,-0.806,0.507,-23.841,-1.798,0.386,-1.908,-0.167,-6.322,-2.150,-0.260,0.245,-6.190,-3.868,-0.200,22.231,5.589,-0.157,6.083,4.829,-16.094,-2.237,-1.355,11.517,-7.222,-0.324,-0.259,2.413,-7.704,-2.873,-1.952,-14.136,-5.117,-4.355,-2.342,-2.469,-13.720,-15.210,-0.610,-1.105,-16.539,-6.797,-3.443,31.265,-4.188,-0.766,-12.098,-1.673,-8.571,-3.900,-1.363,10.431,-3.933,-5.869,-0.502,13.057,-3.496,-3.162,0.228,3.227,1.543,-0.506,-0.984,-1.232,-2.856,-4.920,-0.276,1.022,-3.962,-0.779,-1.080,7.470,-0.974,2.553,-10.923,-4.635,-4.721,-5.179,-0.596,8.795,-8.192,-6.657,-0.707,5.142,-6.252,-1.424,0.068,-1.914,1.932,5.253,0.326,-3.566,0.359,-0.569,0.116,5.997,-0.358,2.222,-0.050,-7.590,3.025,0.125,-1.335,-3.518,-8.750,-8.497,-0.787,11.046,-6.517,-6.271,-0.438,-7.993,-3.295,1.150,-1.378,-18.992,-0.041,1.387,-0.783,-2.974,0.010,0.728,-0.048,9.352,-0.072,2.870,-0.096,-3.809,0.944,-7.552,-0.183,12.438,6.829,-3.979,0.936,16.322,22.121,0.896,0.787,-6.119,1.531,2.947,-2.254,-33.285,-7.629,-0.654,-1.654,1.480,-0.673,-0.709,-0.755,11.215,-0.196,2.313,-0.684,-3.937,-3.343,-4.167,-0.165,
112.048,189.299,11.534,19.794,1481.191,409.047,10.621,170.679,556.307,186.314,-45.290,166.431,-1853.153,-267.524,-80.573,-147.782,-297.156,127.634,74.358,-28.629,103.107,296.064,53.244,49.145,138.051,125.053,-2.193,55.165,56.774,117.288,-11.818,-8.565,652.504,-154.351,18.350,32.052,483.315,-263.645,-69.202,90.987,-992.531,-15.537,105.435,-30.799,-135.118,180.407,224.338,-11.101,65.735,95.888,-105.036,123.955,231.452,42.346,-23.754,105.417,124.862,355.697,-135.879,5.124,119.079,-208.954,-149.038,20.737,168.234,-296.741,-62.087,29.619,-356.554,-46.622,353.503,-35.364,-112.118,-216.075,-101.754,-26.723,4.334,-328.164,-165.496,34.874,306.973,-135.332,-17.173,-77.115,72.936,226.165,-161.767,23.583,-0.613,-9.612,-198.262,4.354,-24.519,-246.732,-58.755,2.313,-281.638,-78.444,175.754,-31.504,-210.318,-92.467,-142.812,-17.803,18.528,-70.931,-34.211,-8.622,69.370,-74.412,28.549,-136.336,-20.265,151.194,-114.441,0.690,-25.409,-110.657,-261.968,-24.751,29.255,-356.463,-96.977,-46.518,-655.481,-95.435,39.609,-55.415,-331.851,3.067,-29.938,-12.517,95.152,12.525,50.287,3.420,-117.435,100.682,-14.373,-19.371,-14.493,163.666,-212.230,5.454,58.984,15.036,-181.534,15.142,158.900,-113.567,-61.041,13.488,-857.453,-34.405,-33.287,-53.154,-332.174,-5.004,24.405,-20.128,170.236,-30.543,135.537,-2.723,-148.147,43.178,-96.936,-0.341,-174.787,98.592,-154.598,37.899,349.424,349.879,11.904,112.009,485.585,127.406,68.722,50.372,-891.579,-240.445,-54.469,-93.151,-292.279,-29.890,79.667,-29.526,307.117,40.698,170.148,-3.940,-126.436,-88.825,-28.648,-0.589,
93.711,285.250,19.119,25.953,409.047,457.472,17.492,101.022,-113.239,391.731,-9.764,112.711,-600.033,-7.969,-11.683,-7.164,-45.058,79.719,52.258,-1.269,60.819,195.528,36.158,15.444,140.742,155.519,1.694,50.228,51.489,216.111,31.422,0.422,187.225,87.064,25.875,26.003,33.186,-38.994,-31.511,29.731,-278.631,11.617,52.506,-11.736,-0.336,36.247,64.542,-4.058,21.133,-30.806,-30.956,17.817,219.719,17.214,-7.108,36.631,-15.292,23.231,-66.908,-3.614,65.386,-121.419,-66.525,5.142,-22.894,-99.411,-30.489,4.778,-125.164,-19.200,73.025,-12.106,-17.722,-102.958,-101.142,-6.861,1.033,-166.356,-49.036,-1.414,246.014,-76.156,0.394,-107.442,-20.267,-76.553,-95.172,8.264,24.817,-47.661,-74.383,-3.894,-19.742,-81.303,-37.869,-6.486,-55.103,-31.661,3.669,-13.100,-50.044,-38.789,-60.953,-3.353,15.572,-28.164,3.064,-6.317,72.497,-18.853,18.425,-95.864,42.189,16.647,-38.439,-8.097,8.931,-66.997,-96.828,-7.822,40.508,-86.053,-43.089,-2.433,-144.308,-19.258,8.856,-7.789,-88.258,-4.086,-6.022,-2.972,51.875,-2.817,31.678,-0.653,-25.956,47.486,-48.531,-22.750,98.533,48.669,-61.869,-12.044,42.711,-18.300,-47.242,2.792,24.083,-38.969,-18.669,-8.144,-243.439,-6.850,-3.486,-13.336,-79.717,-6.550,12.297,-5.447,90.494,-26.203,33.514,-0.139,-63.044,16.144,-104.358,-2.719,16.825,187.703,-46.800,-10.156,105.361,142.533,19.883,26.417,97.047,41.000,27.733,-16.869,-267.431,-60.653,-11.069,-48.192,-46.789,-23.606,18.439,-15.717,87.161,-48.425,-5.544,-7.736,-111.892,-63.161,-71.414,-0.267,
2.736,5.927,1.369,-0.162,10.621,17.492,7.105,2.264,-3.035,24.634,9.424,11.310,-35.533,-0.880,-0.332,4.542,-7.916,-1.352,0.385,-0.622,0.426,2.454,0.708,0.002,2.478,3.158,-0.092,0.917,1.312,28.168,5.677,0.514,4.485,17.325,7.033,1.611,-4.079,4.224,3.267,3.410,-16.591,1.049,0.744,0.572,-3.746,-2.896,-1.039,-0.412,-0.049,-7.723,-0.010,1.042,2.104,-8.479,-0.595,-2.738,-7.947,15.055,3.355,-1.687,2.275,-3.904,1.698,-0.219,0.570,-1.336,-0.110,1.063,-2.753,1.244,4.146,-0.481,0.092,3.578,4.121,-0.300,-0.606,1.135,-0.823,4.756,-6.885,-10.570,-2.024,1.767,-12.057,-3.149,-5.130,-2.509,-0.479,-9.000,0.384,-2.206,-4.759,-7.444,-2.992,-0.557,-7.388,2.380,7.942,0.369,-4.306,1.506,2.109,0.021,-0.679,0.789,-1.374,2.760,-4.620,-2.463,-4.162,6.778,-10.173,-2.807,-3.817,-1.365,-0.445,-8.032,-4.509,-1.523,-3.389,-6.831,-3.589,-2.000,-8.129,-1.845,0.836,-0.774,-8.253,-0.825,-1.235,-0.271,-0.925,-0.485,-1.803,0.187,1.261,-0.386,-1.240,2.871,-6.369,-0.807,-2.160,-1.530,-0.863,-2.022,1.012,0.205,6.234,-0.827,-1.278,0.324,-6.621,-1.057,-1.010,-1.603,-8.909,-0.652,-1.398,-0.767,0.065,-1.143,0.577,-0.215,-0.710,0.106,7.420,-0.180,-13.965,-7.468,-2.228,-3.744,2.008,2.212,1.109,1.160,21.483,-0.981,2.949,1.910,-9.969,-3.849,0.140,-0.529,-13.991,-1.980,-1.535,-0.358,2.386,1.348,10.076,-0.614,-10.386,-5.075,6.186,-0.298,
28.052,91.584,3.226,11.131,170.679,101.022,2.264,57.766,-30.373,45.932,-7.994,59.023,-250.118,-20.833,-7.627,-8.533,-25.644,23.867,16.226,0.076,15.827,49.086,9.793,6.833,34.531,32.867,0.377,14.533,7.358,12.203,2.201,-0.996,85.071,4.768,1.828,11.659,37.069,-26.443,-9.524,16.272,-128.311,-2.284,9.982,-5.789,-13.968,2.868,17.344,-1.627,0.713,-17.190,-10.753,10.861,51.855,-5.154,-2.299,10.016,-5.793,19.486,-21.249,-4.154,16.924,-15.532,-22.023,9.701,0.458,-31.590,-11.327,4.433,-59.412,-5.356,24.764,-6.828,-20.649,-32.839,-23.319,-3.460,-5.188,-42.809,-14.154,2.647,46.699,-25.303,0.800,-12.285,-29.270,-0.762,-28.811,-1.069,4.618,-15.907,-28.514,-0.470,-1.773,-31.106,-12.923,-0.876,-41.566,5.060,16.892,-5.471,-25.506,-7.617,-14.737,-2.202,1.728,-8.109,1.554,-1.952,6.873,-5.819,10.613,-17.414,-24.794,6.212,-14.353,-3.706,1.425,-29.221,-32.209,-4.097,11.714,-48.476,-13.490,-7.139,-79.251,-6.658,8.579,-7.317,-40.389,-0.529,-2.290,-1.168,18.932,-0.516,13.326,-0.369,-35.042,11.834,14.213,-8.112,-7.783,17.016,-27.138,-0.806,23.269,-7.564,-18.399,2.465,20.562,-17.967,-6.807,-0.712,-118.029,-4.607,-3.227,-7.508,-37.037,0.050,5.316,-1.982,37.566,-1.009,30.273,0.476,-53.472,6.039,-6.109,-0.724,-8.638,21.672,-20.461,2.891,67.357,56.250,7.022,13.657,78.966,17.854,9.658,-3.854,-129.447,-34.013,-8.146,-17.438,-15.599,-2.652,14.152,-4.998,42.899,-7.771,27.850,-0.207,-44.006,-25.096,-24.226,0.208,
-81.897,-207.072,-7.650,-20.113,556.307,-113.239,-3.035,-30.373,2528.824,34.853,7.191,22.737,-1266.212,-377.824,-133.762,-230.603,-1077.584,-142.217,-43.134,-113.042,10.193,-18.450,18.834,5.804,-41.678,-42.225,-4.090,0.006,-102.912,-245.584,-84.122,-40.440,200.771,-301.361,-52.820,-53.533,1386.393,-294.246,-10.058,38.472,-791.951,-76.575,-23.680,-7.703,-706.080,212.140,179.007,-27.644,17.660,343.463,6.649,77.868,13.139,25.407,-6.393,65.025,-41.079,366.232,-138.908,-0.853,-253.651,-6.425,-184.630,-69.707,458.043,-192.991,-151.558,23.504,-308.010,81.700,340.642,-10.794,-318.538,155.363,270.125,-57.798,-8.662,-72.827,-174.875,47.657,153.059,-46.887,3.029,18.006,63.783,710.187,-69.149,48.471,-311.635,291.266,-203.041,13.990,37.234,-256.509,-214.798,13.401,-343.824,-50.047,298.800,-28.861,-397.713,-123.517,-108.317,-34.929,-39.086,-155.395,-115.220,-5.844,-18.703,-77.243,54.263,-36.294,-15.956,342.178,-85.560,28.794,-109.945,186.323,-249.966,-14.347,332.845,-239.158,-186.713,-9.083,-621.939,-153.324,-30.554,-46.620,-626.986,-9.461,-59.254,-16.516,1.402,15.448,9.397,4.202,-99.937,18.749,54.841,10.490,-129.072,256.054,-150.933,14.452,49.799,235.336,-159.278,12.195,767.680,1.570,-84.066,76.053,-676.415,-50.093,-65.405,-19.327,-654.583,-0.710,6.428,-28.824,11.823,6.536,118.218,-10.337,-174.830,43.100,9.306,1.551,-118.855,14.933,-102.101,35.903,163.711,164.924,-45.981,47.648,1061.419,180.058,39.590,140.468,-583.621,-237.718,-96.742,-44.066,-796.114,-10.929,35.726,-24.135,-65.756,122.906,69.207,-31.449,-188.919,-35.902,-83.096,-22.939,
10.361,0.955,5.780,-4.327,186.314,391.731,24.634,45.932,34.853,941.809,0.395,187.950,-518.444,276.482,-50.175,98.255,-150.699,26.776,0.064,18.398,6.911,40.060,-2.987,0.459,1.850,23.589,-2.457,-1.278,17.747,148.785,31.733,-6.857,7.892,83.553,34.536,-2.173,24.056,13.275,-23.476,13.782,-95.324,16.618,2.380,9.575,-38.277,21.153,12.648,-1.252,2.297,-25.809,-28.570,-11.265,62.638,25.181,-1.597,-70.197,-8.546,22.073,-62.125,5.383,-6.091,-142.106,-72.595,7.221,-94.106,-62.368,-39.991,6.876,-29.127,52.694,-12.557,13.397,15.196,20.231,-71.826,-3.796,6.261,-23.999,-16.181,5.488,57.705,28.423,7.152,-100.901,66.288,-59.370,-88.887,18.709,-2.166,-19.604,-63.097,10.931,-150.776,-17.047,-63.088,5.664,-19.120,-15.617,-85.358,3.808,-14.188,-1.933,-49.741,2.578,8.629,16.706,21.990,1.104,56.767,-3.398,-19.542,-46.017,177.706,49.576,-22.191,-0.020,-14.466,0.567,-92.432,-0.353,19.100,-8.373,-64.204,19.711,16.899,-8.771,-33.337,21.146,-41.905,3.835,11.269,-0.744,0.885,0.512,11.567,0.752,82.426,37.921,-101.464,-9.364,204.852,112.577,-25.810,-1.565,-22.650,7.909,-41.204,5.460,-35.890,-17.380,-31.767,5.488,38.072,-0.514,-1.532,10.458,-22.771,1.319,4.757,-2.288,14.214,-10.112,-16.324,4.423,-15.390,50.489,-72.630,5.540,69.845,268.427,16.561,-14.497,-56.037,20.438,28.757,-10.050,-91.091,49.316,-4.085,-5.003,31.446,70.536,10.081,-24.869,-37.816,-10.056,-0.656,-11.717,8.398,-35.564,8.857,-13.815,-123.122,-37.907,-51.124,1.791,
-5.287,-5.471,0.346,-1.576,-45.290,-9.764,9.424,-7.994,7.191,0.395,63.234,-8.894,-15.524,-7.382,39.098,-9.821,-30.651,-8.370,-4.471,-5.078,-5.984,-8.536,-3.109,-2.865,-6.181,-5.860,-0.566,-3.333,-0.922,32.341,6.207,0.778,-7.727,36.576,9.687,-1.751,31.091,15.632,25.912,-4.144,-52.087,2.386,10.308,-4.170,-32.563,0.016,-8.499,-1.609,-4.461,-18.392,-7.300,1.653,-23.844,-37.129,-1.680,-12.498,-10.413,45.830,5.598,-3.587,-16.063,22.574,1.983,-6.032,9.191,1.972,3.003,1.630,-18.979,10.678,17.127,-2.075,-15.767,26.590,13.851,-2.181,0.651,26.212,-7.401,14.398,-60.767,-20.943,-5.163,12.994,-8.730,-24.420,-16.285,-2.417,-5.527,-14.691,-3.434,-3.574,-6.891,-16.426,-10.096,3.549,-29.696,10.277,32.517,0.715,-21.340,14.000,7.937,-1.385,0.693,12.668,-6.569,13.244,-35.683,-4.405,-14.456,35.175,-14.906,-17.075,-8.240,-0.902,7.969,-9.748,-9.144,-1.160,15.375,-11.864,-12.430,2.639,-32.216,-6.376,1.055,-1.957,-35.157,-2.759,-6.087,-1.451,-8.147,-2.210,-5.558,1.096,-12.579,-11.448,15.199,16.646,-13.008,16.783,-1.573,-5.335,-2.914,9.499,-1.712,1.316,44.236,-0.570,-6.557,11.528,-21.006,-2.398,-6.728,4.045,-33.944,-1.158,-3.697,-2.383,-10.276,0.647,8.408,-0.341,-35.698,-3.300,53.365,-1.442,-58.295,-23.428,-8.250,-7.812,-27.029,-9.160,-9.007,-3.760,40.391,-13.073,-1.068,7.949,-34.538,-18.444,-3.383,6.769,-44.844,-2.429,-3.075,-0.048,-10.910,15.049,48.315,0.519,-60.901,-20.489,17.220,-1.300,
0.204,5.103,-0.646,1.976,166.431,112.711,11.310,59.023,22.737,187.950,-8.894,272.857,-514.165,-30.669,-36.276,145.396,-145.191,0.732,-1.536,3.066,-7.901,-3.377,-0.335,1.682,-7.200,-7.660,-0.854,-3.655,-22.383,12.576,-10.825,13.151,9.602,7.980,-6.188,8.265,45.726,-15.687,-3.703,40.801,-133.280,-3.439,0.772,25.109,-67.449,-4.102,13.886,1.922,-11.455,-30.151,0.177,20.918,-9.038,-15.263,-1.722,-5.335,-55.343,91.549,-45.176,16.293,-61.632,29.571,-30.817,21.570,-48.267,14.923,0.306,15.787,-55.914,-12.828,18.276,0.656,-23.346,-37.136,13.081,-3.356,2.269,-39.970,1.388,17.668,-36.545,-30.258,-1.254,13.932,-67.732,-27.117,-39.049,3.238,-73.088,-10.221,-16.412,7.592,-54.115,-30.096,-13.775,1.481,-70.269,12.333,21.039,-2.663,-21.269,1.894,8.824,-3.815,12.459,-0.492,5.678,-0.762,-22.538,-1.926,6.455,-11.416,-51.317,17.261,-8.925,-0.611,-28.629,-38.086,-20.960,-7.404,-13.522,-56.311,-16.444,-7.327,-80.438,-10.474,8.904,-8.870,-52.502,4.448,2.787,-4.475,19.711,3.757,18.829,-0.037,-44.592,16.842,32.266,-3.846,-63.305,25.500,-19.090,4.863,0.094,3.103,2.226,1.965,49.411,-13.824,-3.741,6.617,-70.701,-9.169,-5.556,-5.761,-54.649,-1.560,6.268,-6.910,40.414,1.643,38.067,1.384,-76.302,18.111,13.114,5.760,-46.939,-14.666,-14.095,9.643,33.353,21.230,21.302,4.346,134.470,2.988,13.630,15.954,-73.504,-20.576,-6.327,-6.506,-64.171,0.392,43.077,-6.879,14.163,-10.225,58.824,-1.129,-77.690,-22.988,-32.610,0.640,
-108.705,-277.519,-14.905,-29.115,-1853.153,-600.033,-35.533,-250.118,-1266.212,-518.444,-15.524,-514.165,3349.053,333.726,104.700,0.523,700.586,-126.759,-78.349,8.474,-136.665,-275.732,-64.457,-51.770,-159.391,-116.053,5.866,-48.301,-17.575,-149.861,32.204,1.027,-765.831,189.300,-26.348,-28.023,-980.022,363.117,55.959,-160.189,1664.209,26.601,-105.854,4.110,345.872,-197.492,-246.138,12.151,-68.819,-93.491,167.999,-162.386,-231.041,25.786,32.004,-59.397,-69.138,-580.351,271.601,-35.605,37.479,252.334,268.563,-11.718,-261.151,364.750,110.253,-62.624,664.668,26.967,-478.715,30.322,215.207,223.417,91.431,44.861,-13.095,374.644,237.045,-87.145,-234.665,196.615,25.036,79.832,-10.621,-344.781,273.720,-49.118,222.918,-46.457,303.266,-10.197,104.553,349.038,157.139,-12.886,576.549,51.791,-323.102,48.426,352.065,123.133,163.016,36.065,-32.845,97.489,47.112,-7.607,45.036,83.789,-32.355,89.129,94.857,-264.966,166.826,-7.234,161.116,160.681,433.678,46.671,-118.626,547.287,210.306,63.254,1065.687,145.050,-52.060,83.190,574.627,-4.505,49.544,26.473,-117.698,-15.304,-65.305,-5.396,113.542,-138.412,22.417,-6.234,200.377,-326.966,302.724,-15.926,-40.274,-105.831,256.803,-32.011,-482.217,145.286,99.734,-45.471,1287.165,61.988,63.045,80.535,591.934,18.860,-31.724,45.863,-204.588,56.639,-186.462,1.779,207.910,-81.894,66.215,-14.497,391.162,-151.084,238.840,-37.911,-440.441,-466.459,-4.376,-137.804,-1054.640,-196.031,-95.890,-139.615,1296.216,327.865,104.845,104.845,616.692,35.997,-119.613,51.905,-242.825,-85.529,-242.837,1.466,266.286,93.756,30.191,-3.371,
-7.536,-26.344,-0.374,-3.414,-267.524,-7.969,-0.880,-20.833,-377.824,276.482,-7.382,-30.669,333.726,360.061,5.679,60.826,183.659,53.357,3.675,49.037,-4.102,-23.183,-10.857,-1.510,-22.667,-19.614,-1.022,-4.944,31.158,36.498,19.473,3.662,-103.670,58.757,7.083,-2.776,-275.402,76.301,-4.793,-27.783,220.828,23.651,-14.882,11.288,160.980,-51.657,-51.308,10.969,3.430,-66.117,-14.537,-33.545,-7.182,2.282,2.032,-73.666,31.245,-175.279,18.006,3.681,42.195,-64.092,10.193,3.539,-115.546,32.933,5.088,-16.622,78.295,7.800,-134.039,13.575,91.772,-19.496,-86.421,12.181,10.983,23.522,39.422,-18.281,-50.357,33.940,4.532,-63.232,47.695,-164.643,18.138,-2.471,55.131,-63.647,17.440,1.148,-68.628,76.205,4.596,-4.330,80.314,-5.069,-144.998,7.286,101.414,24.267,12.374,10.731,8.174,47.399,46.918,0.158,-17.564,24.088,-29.522,10.290,95.727,-52.953,15.559,0.664,19.604,0.623,12.632,10.234,-69.888,81.471,15.630,15.868,156.546,36.887,-13.778,30.018,170.385,8.476,30.932,10.256,-11.183,-0.886,-2.437,-0.061,50.665,4.627,-56.172,8.193,52.654,-17.562,21.204,9.783,-13.523,-22.407,21.070,3.562,-186.452,11.867,22.218,-9.112,211.041,14.593,16.700,18.098,198.104,7.726,-0.685,13.103,-26.197,12.586,-52.691,7.107,50.099,19.956,-9.114,10.367,29.300,56.734,29.055,3.490,-75.341,-58.636,16.578,-25.152,-351.662,-8.324,-19.420,-8.640,201.805,126.406,29.043,32.336,253.936,24.021,-31.334,8.704,-38.643,-28.008,-61.822,3.660,5.248,24.394,-26.655,7.887,
2.003,6.933,1.378,-0.081,-80.573,-11.683,-0.332,-7.627,-133.762,-50.175,39.098,-36.276,104.700,5.679,81.879,-18.325,49.178,15.906,18.362,-1.958,1.068,13.600,0.749,1.490,7.134,7.381,-0.343,6.016,15.479,31.339,6.950,1.657,-13.610,53.828,-4.786,5.166,-26.182,24.846,20.680,-5.561,25.812,2.397,28.486,-9.997,-0.187,-14.423,-6.812,-2.645,-5.649,-31.958,-9.571,-10.118,-2.983,-18.784,-1.596,-6.870,-4.999,-51.849,-6.714,-2.341,20.573,23.731,-1.815,-1.465,-22.260,23.696,13.797,-1.865,7.488,4.400,5.008,-2.133,-10.134,-0.307,1.003,-1.957,-6.133,34.271,9.042,-12.040,-21.076,21.437,-1.201,2.933,-14.455,-84.737,-17.457,-5.910,17.269,-10.349,8.302,-2.646,2.155,6.392,2.793,0.210,-5.443,3.964,14.050,0.017,-10.770,13.772,22.706,0.235,-3.353,13.834,4.236,1.439,9.698,4.443,-5.513,7.182,12.778,-26.806,10.982,-2.955,9.956,1.093,5.466,0.964,12.866,13.930,-5.398,6.877,-1.895,-5.398,3.704,1.892,-12.886,-2.245,1.688,1.149,-7.830,-2.865,-1.030,-0.091,-13.907,-2.260,33.525,-0.135,38.605,24.035,22.667,-4.107,3.963,8.131,4.240,2.083,10.837,1.630,-5.939,8.091,11.698,-0.762,-4.739,7.333,-4.217,-2.228,-1.817,0.585,-2.579,-5.969,14.904,0.371,-48.503,-8.728,52.016,-1.346,7.333,47.517,5.234,-4.253,-31.411,-23.602,-8.946,-6.209,-18.519,-22.447,-10.329,-2.029,25.776,-11.532,-4.008,3.788,4.747,-3.621,2.401,-1.898,19.295,-10.089,40.865,-1.823,-52.253,-30.987,-11.899,-0.650,
-10.706,-35.960,-1.606,-2.312,-147.782,-7.164,4.542,-8.533,-230.603,98.255,-9.821,145.396,0.523,60.826,-18.325,220.852,13.393,8.182,-6.537,36.668,-14.073,-21.287,-7.391,0.568,-23.674,-20.312,-0.466,-3.830,1.846,10.884,0.784,22.478,-89.912,25.633,8.857,2.851,-204.097,56.580,11.901,4.945,124.629,13.574,-5.926,34.873,61.545,-21.771,-17.206,11.241,-9.832,-44.260,7.298,3.882,-34.374,-25.549,2.882,-4.896,-9.731,-22.716,0.033,25.266,-24.981,8.639,32.643,14.981,-114.360,63.680,36.957,0.304,37.702,-16.956,-67.515,8.575,44.666,-35.392,-26.688,8.372,8.292,-6.283,24.630,2.670,-59.851,-18.207,-3.413,18.473,0.680,-89.037,23.687,2.264,-36.754,-29.541,45.406,4.162,-42.712,57.973,33.378,1.385,37.923,6.179,-65.521,4.432,81.490,9.206,9.933,2.809,14.392,16.003,17.258,-1.216,-17.279,-1.611,-13.581,14.316,7.908,-24.814,25.612,2.642,-16.361,-27.979,46.503,0.048,-58.387,38.240,25.517,0.287,135.348,21.614,-7.734,9.283,106.753,7.300,9.759,-0.103,-2.340,2.463,1.308,-0.202,17.568,-5.263,-7.575,3.664,-40.244,-37.736,32.219,6.224,-19.805,-31.084,28.948,-3.125,-103.278,-3.990,9.630,-10.945,171.798,3.092,11.750,1.882,102.658,-1.222,-0.360,0.057,-14.956,2.900,-20.161,2.716,20.611,-4.900,1.231,5.173,-14.972,-47.766,24.363,7.378,-39.702,-63.023,4.541,-9.648,-158.927,-36.721,-6.725,6.716,131.467,63.895,17.783,33.358,89.526,6.318,0.673,4.886,-45.829,-10.835,-31.165,3.420,16.807,30.842,-1.034,3.405,
6.507,19.470,3.372,0.434,-297.156,-45.058,-7.916,-25.644,-1077.584,-150.699,-30.651,-145.191,700.586,183.659,49.178,13.393,765.311,96.353,42.322,58.302,40.540,35.856,9.516,7.053,52.245,38.082,1.189,18.750,28.881,63.322,47.975,11.351,-74.438,85.483,21.774,14.180,-591.266,108.295,-22.816,-35.200,397.025,35.537,-8.807,-15.290,495.398,-113.267,-63.423,13.253,11.275,-160.518,-16.658,-44.753,52.589,-8.351,2.591,-28.474,81.573,-172.383,109.585,3.196,157.395,-64.465,71.245,23.559,-187.471,67.395,45.385,-20.091,170.769,-45.833,-163.013,1.425,213.166,-83.401,-150.771,34.302,2.981,36.297,75.771,-31.495,-21.444,37.424,7.869,-40.637,60.561,-220.596,68.224,-10.669,179.804,-118.986,76.265,-7.440,-34.548,135.615,98.341,-18.623,167.184,5.807,-155.197,10.667,222.329,43.378,34.350,18.348,14.779,64.397,50.065,2.258,7.493,63.152,-16.729,19.122,44.856,-165.475,24.760,-11.030,51.195,-74.731,91.747,8.585,-152.661,109.673,86.781,-5.634,302.211,72.112,1.088,21.685,371.335,0.100,18.255,11.330,-4.034,-10.968,-18.140,-1.932,140.510,-18.852,-104.318,-3.184,82.647,-167.983,49.989,-7.920,1.262,-96.068,73.384,-5.203,-338.881,16.710,47.975,-42.760,329.596,30.583,33.694,-0.081,373.153,-6.481,-3.647,14.798,-30.545,-28.959,-104.953,1.883,255.182,-36.767,-85.961,0.555,116.478,25.478,50.156,-16.002,-85.989,-86.156,16.546,-20.030,-522.729,-64.037,-23.712,-62.634,305.219,144.373,51.813,22.280,427.143,-0.769,-30.133,9.984,12.584,-81.606,-121.098,17.755,294.012,74.362,112.251,17.931,
41.539,47.311,6.213,6.417,127.634,79.719,-1.352,23.867,-142.217,26.776,-8.370,0.732,-126.759,53.357,15.906,8.182,96.353,140.960,68.420,18.783,65.870,216.977,34.589,36.711,84.545,101.462,-0.544,63.015,46.315,30.613,1.044,7.684,98.488,-5.018,-8.580,11.459,-46.546,-19.044,-5.816,-6.644,-88.989,26.340,82.018,-9.902,98.088,69.756,122.640,2.675,39.759,23.654,-21.322,39.705,182.860,11.723,-5.234,98.319,61.189,1.086,-13.581,16.239,64.928,-59.744,-26.113,11.440,-46.609,-18.742,8.675,-9.676,-70.902,-29.422,61.630,-16.308,15.572,-157.406,-96.354,-2.322,6.062,-202.934,-40.525,-21.554,248.309,-102.186,0.589,-67.469,60.550,-1.155,-12.211,15.694,30.804,-49.280,-19.371,-0.883,-29.200,-16.880,6.519,-6.510,-7.173,-62.695,-61.174,-12.814,0.416,-63.533,-69.857,-2.224,12.156,-36.266,7.084,-14.280,76.417,-27.073,20.442,-101.491,56.446,-33.420,-8.811,-3.803,27.791,-63.685,-43.166,-6.597,23.383,-63.103,-24.512,-3.163,-38.212,-17.368,-16.512,-0.376,12.790,-1.987,-2.478,0.288,43.858,-2.540,28.224,-0.914,-68.205,27.907,10.014,-22.050,56.785,-42.882,-27.949,-1.424,50.630,-40.229,-23.597,3.577,-17.483,-31.465,-6.312,-1.441,-84.343,-0.683,0.205,-1.192,23.129,0.290,10.685,0.060,75.918,-6.294,43.545,1.975,-58.430,1.000,-51.503,0.110,39.250,30.484,-11.915,21.968,66.630,14.951,6.576,13.893,-84.413,-1.317,1.524,4.616,-136.584,-6.799,-2.146,10.053,79.256,1.513,19.186,0.982,114.377,-27.448,12.559,4.328,-29.095,-15.709,-67.793,3.091,
26.234,56.904,7.371,5.479,74.358,52.258,0.385,16.226,-43.134,0.064,-4.471,-1.536,-78.349,3.675,18.362,-6.537,42.322,68.420,62.776,2.174,58.443,163.569,41.599,27.363,94.586,108.157,1.421,60.134,25.432,4.042,2.537,2.782,67.409,4.729,-4.345,9.857,-1.615,-12.644,-2.437,2.410,-41.441,3.562,45.423,-7.244,54.506,2.080,90.917,-1.169,24.632,-29.945,7.160,12.026,176.138,-12.798,-2.862,70.151,31.423,-40.370,-0.378,0.544,50.423,-37.550,-7.668,5.553,-14.604,-9.446,3.500,-3.348,-9.719,-22.956,40.754,-8.592,19.302,-101.100,-35.082,-3.251,-0.524,-137.606,-27.747,-23.924,195.443,-82.666,1.765,-63.910,41.858,0.107,-0.741,-1.000,32.558,-32.466,-2.046,-0.530,16.436,-18.322,4.614,-1.970,10.794,-32.491,-10.683,-6.043,-8.784,-34.922,-32.748,-1.455,0.960,-20.568,-0.934,-8.572,56.080,-15.616,19.881,-64.697,37.311,-18.002,-3.691,-3.692,26.480,-31.723,-20.878,-2.643,17.158,-29.305,-10.288,-0.739,-25.339,-11.715,-3.421,-0.502,-17.019,-2.052,-2.645,-0.037,19.810,-1.903,14.304,-0.510,-41.430,9.664,21.697,-12.317,38.070,-25.790,-10.199,-2.680,39.124,-18.169,-11.705,0.435,1.455,-13.782,-3.632,1.148,-55.397,-1.712,-2.032,-0.733,-10.473,-1.791,3.774,-0.663,38.588,-7.339,27.732,0.154,-38.882,-6.033,-17.126,-0.657,44.890,42.994,-5.645,10.804,33.407,15.201,4.931,10.175,-9.533,-3.541,-1.597,0.275,-64.494,-15.286,-2.370,-1.891,1.403,-12.422,10.929,-3.732,69.782,-28.037,11.709,-3.629,-11.057,-22.341,-36.838,-0.795,
-1.004,-4.025,-0.219,-0.067,-28.629,-1.269,-0.622,0.076,-113.042,18.398,-5.078,3.066,8.474,49.037,-1.958,36.668,58.302,18.783,2.174,27.481,5.895,-5.039,-1.624,2.068,-3.414,-5.283,-0.207,-1.110,4.285,5.538,5.847,2.009,-11.510,8.680,9.354,1.401,-76.544,25.081,1.541,-0.676,12.510,9.849,0.166,5.268,55.885,-13.162,-12.234,4.545,4.979,-21.114,-6.988,-3.418,-8.442,-9.368,0.364,-10.843,7.668,-18.137,0.632,5.498,-1.715,-16.930,8.983,3.076,-40.508,14.686,10.707,0.767,-8.620,-0.011,-18.481,3.947,20.924,-17.083,-27.651,3.572,5.274,3.776,10.462,-0.067,-24.394,2.883,1.805,-5.532,1.939,-30.380,5.021,3.265,-9.006,-18.249,8.211,-1.420,-22.205,16.562,8.020,-0.346,-4.994,0.573,-24.023,0.444,28.719,1.711,4.208,1.109,7.441,10.805,15.007,1.225,-19.627,2.947,-0.988,12.482,5.555,-17.710,7.514,-0.368,-10.704,-18.248,5.353,-0.849,-24.219,1.411,3.617,-1.477,15.264,6.100,0.374,2.362,43.898,2.464,7.258,0.337,3.878,0.316,0.281,-0.136,13.686,-0.358,-17.788,2.530,-11.674,-8.188,8.436,3.428,-13.152,-8.563,7.485,1.956,-42.800,0.269,8.523,-3.965,21.550,3.580,6.909,-1.683,42.914,-0.902,0.839,0.309,-4.416,-2.652,-16.576,2.202,32.327,-6.189,-20.458,2.360,-22.441,-11.154,3.794,1.844,-14.484,-13.275,3.339,0.233,-57.760,-4.688,-2.099,4.972,13.747,25.217,5.954,9.551,40.949,0.923,-7.163,0.708,-19.440,-5.447,-27.322,6.393,32.832,20.281,12.312,4.086,
24.287,56.382,6.437,4.548,103.107,60.819,0.426,15.827,10.193,6.911,-5.984,-7.901,-136.665,-4.102,1.068,-14.073,40.540,65.870,58.443,5.895,113.211,175.025,50.570,30.609,123.164,125.133,1.783,63.294,14.117,42.115,9.860,1.516,60.760,19.963,4.724,4.612,29.431,-12.120,-3.762,-0.117,-67.335,6.931,40.708,-5.385,81.108,1.623,86.282,-0.502,52.422,-44.791,7.978,7.447,212.355,-5.282,-2.853,81.509,47.241,47.275,17.918,1.059,50.830,-46.541,-13.922,2.948,12.020,-24.467,3.480,-4.830,-9.154,-16.289,62.023,-5.353,14.612,-99.746,-44.035,-3.236,2.415,-150.368,-33.233,-26.854,236.161,-96.096,5.735,-82.222,58.847,17.598,-9.153,-1.094,46.433,-46.803,-19.733,-2.660,17.769,-29.952,6.490,-5.132,-18.449,-34.566,-2.933,-8.677,-16.438,-41.922,-42.015,-2.159,8.823,-31.312,-1.653,-9.138,40.477,-20.234,43.278,-74.542,38.489,-22.647,-21.871,-3.814,23.020,-35.096,-38.256,-2.295,25.669,-33.497,-10.859,0.089,-67.573,-11.124,-8.427,-2.860,-18.966,-3.330,-6.546,-1.493,35.586,-0.895,22.491,-0.407,-71.154,16.593,23.784,-11.952,2.552,-26.411,-34.488,-2.643,30.075,-2.638,-14.410,1.362,23.664,-10.669,-2.643,0.589,-90.016,0.465,-3.639,-3.533,-9.967,0.914,7.002,-1.634,52.510,4.420,37.631,-0.131,-51.168,-6.111,-44.060,-0.775,-20.494,-11.995,-23.600,7.873,0.423,22.471,-2.170,10.866,4.387,-5.222,1.502,-11.099,-71.745,-20.179,-8.272,-10.464,13.183,-8.476,15.409,-4.197,41.505,-27.199,-28.148,-1.485,-29.027,-16.667,-65.064,0.838,
92.800,173.399,21.690,16.627,296.064,195.528,2.454,49.086,-18.450,40.060,-8.536,-3.377,-275.732,-23.183,13.600,-21.287,35.856,216.977,163.569,-5.039,175.025,598.998,127.440,84.173,277.892,394.219,7.452,190.160,81.704,32.108,-1.495,12.452,226.392,-63.329,-20.275,23.195,78.160,-103.566,-20.784,-4.110,-164.717,16.831,154.181,-20.563,126.965,119.186,373.571,-3.051,103.465,91.166,90.877,69.054,646.989,103.492,-0.258,353.692,111.955,-102.791,-17.965,21.863,149.171,-148.398,-38.087,13.956,-6.801,-78.653,15.090,-16.520,-69.929,-74.906,184.772,-31.989,49.187,-375.318,-80.361,-14.514,9.883,-625.070,-116.671,-82.832,900.347,-380.526,5.571,-224.988,165.576,83.608,23.438,18.765,92.634,-70.670,-6.872,5.468,25.144,-72.630,8.643,-5.186,35.306,-135.990,-58.886,-24.168,-34.581,-186.478,-189.574,-8.130,11.952,-152.435,-38.112,-41.370,270.753,-121.943,101.529,-322.848,130.106,-20.779,-11.598,-7.766,96.537,-110.719,-77.569,-10.134,97.808,-118.227,-36.386,-3.684,-67.888,-43.701,-46.191,-1.891,-61.480,-14.087,-34.839,-1.711,95.589,-8.016,67.133,-1.938,-212.965,35.440,101.002,-58.311,83.599,-117.870,-63.856,-8.841,134.633,-84.582,-50.294,-0.887,47.936,-64.536,-11.921,2.265,-197.106,-7.256,-7.673,1.391,-41.053,1.177,20.956,-1.806,175.284,1.252,147.509,-2.388,-200.731,-12.139,-87.902,-5.700,145.849,42.029,-3.038,39.728,125.905,39.948,21.137,32.401,-53.013,-26.546,3.047,0.741,-297.110,-65.219,-9.068,7.010,36.868,-6.374,71.616,-1.883,257.668,-71.358,77.931,-7.521,-115.803,-86.697,-179.734,-5.080,
13.610,43.314,5.752,3.138,53.244,36.158,0.708,9.793,18.834,-2.987,-3.109,-0.335,-64.457,-10.857,0.749,-7.391,9.516,34.589,41.599,-1.624,50.570,127.440,40.628,20.168,78.665,102.967,3.215,49.509,3.717,-1.349,1.020,0.448,37.268,-8.408,-2.353,4.797,29.819,-19.295,-7.148,3.555,-23.231,-1.722,26.544,-3.634,38.652,1.499,90.309,-1.163,25.856,-4.846,34.786,10.576,166.703,8.388,0.405,81.436,6.800,-19.688,1.406,0.481,28.561,-30.597,-3.302,3.749,16.033,-16.450,0.737,-0.613,5.062,-18.117,40.013,-4.558,20.718,-86.821,-2.676,-3.209,2.533,-139.845,-22.561,-22.403,207.081,-91.142,5.037,-57.797,26.862,20.612,7.765,-0.802,30.010,-22.582,3.521,2.067,21.798,-22.689,1.882,-0.168,8.502,-26.567,-0.893,-5.111,-7.760,-38.222,-32.735,-1.666,1.636,-31.272,-7.429,-8.904,54.600,-26.700,31.217,-70.278,23.574,-10.813,-3.056,-2.542,22.100,-25.359,-14.332,-1.279,17.896,-18.918,-3.297,-0.297,-22.192,-8.053,-4.621,-1.228,-18.198,-2.426,-6.444,-0.566,21.035,-1.668,14.898,-0.402,-48.439,1.043,28.134,-12.138,9.928,-33.626,-7.425,-1.781,28.827,-12.202,-2.828,-0.090,20.202,-6.619,2.555,1.330,-45.410,-0.338,-1.171,-0.990,-14.793,-0.433,4.139,-0.984,35.786,-1.886,30.601,-0.439,-42.666,-9.700,-18.854,-0.930,30.545,13.216,3.691,5.866,21.434,10.949,7.641,8.971,19.544,-2.412,-0.609,1.380,-43.800,-11.536,-4.093,-1.669,-6.699,-6.397,14.183,-2.209,37.613,-23.143,5.641,-3.344,-19.517,-22.794,-39.381,-1.196,
9.119,8.428,0.927,1.955,49.145,15.444,0.002,6.833,5.804,0.459,-2.865,1.682,-51.770,-1.510,1.490,0.568,7.053,36.711,27.363,2.068,30.609,84.173,20.168,20.767,24.968,38.399,0.267,30.880,8.893,3.691,0.340,1.389,31.477,-5.877,-1.662,4.096,8.135,-10.810,-0.372,1.608,-33.724,2.284,27.890,-1.963,21.334,16.117,66.516,0.164,21.954,8.618,10.424,22.760,83.222,1.750,-1.259,68.240,13.187,8.771,-1.704,2.283,18.943,-17.378,-4.530,3.584,-6.704,-6.614,3.246,-0.307,-18.206,-12.878,32.622,-4.094,7.322,-67.426,-16.592,-2.220,5.259,-103.077,-21.000,-10.458,125.281,-62.730,-0.762,-19.971,18.673,12.848,-0.390,2.160,15.504,-20.011,-5.706,0.736,0.052,-15.507,-0.187,-0.022,2.140,-23.769,-11.337,-4.138,-3.830,-30.633,-31.216,-1.319,2.557,-23.382,-4.991,-6.251,45.877,-21.252,10.233,-46.388,21.175,-13.458,-4.675,-1.869,13.888,-21.761,-14.646,-1.947,13.426,-22.395,-6.591,0.325,-14.434,-9.142,-7.278,1.115,-7.018,-1.973,-4.735,-0.265,14.162,-1.229,7.517,-0.316,-21.808,2.840,9.650,-8.973,22.236,-24.189,-12.011,-0.865,28.857,-11.733,-7.447,0.627,9.752,-8.888,-1.868,2.812,-27.049,-1.079,-0.864,0.671,-3.957,-0.598,2.266,-0.398,25.235,-2.456,14.494,-0.057,-19.760,-7.150,-10.780,-0.357,17.808,-0.436,-4.852,7.933,27.856,3.596,2.996,5.199,-1.263,-3.346,-1.660,2.581,-34.641,-6.103,-2.813,1.492,1.741,-6.248,4.419,-0.673,34.852,-17.674,4.002,-1.332,-4.894,-9.547,-20.526,-0.432,
60.067,186.543,22.184,12.746,138.051,140.742,2.478,34.531,-41.678,1.850,-6.181,-7.200,-159.391,-22.667,7.134,-23.674,52.245,84.545,94.586,-3.414,123.164,277.892,78.665,24.968,263.734,256.689,6.169,99.481,32.552,30.749,8.449,3.631,118.660,15.111,2.653,11.796,20.189,-23.783,-10.889,2.521,-71.197,-0.485,44.643,-10.407,101.667,-17.449,100.948,-2.918,35.697,-86.164,12.199,-11.663,351.491,-29.316,-2.922,60.319,41.279,-25.908,28.884,-5.745,81.085,-67.940,-8.397,1.333,33.457,-43.390,-7.551,-8.880,21.539,-32.489,53.510,-10.803,37.125,-119.393,-46.301,-4.685,-6.416,-181.837,-41.526,-37.789,327.558,-119.228,8.176,-136.582,70.198,33.939,7.448,-6.972,66.250,-43.056,-6.977,-3.898,71.692,-36.907,2.609,-6.483,18.602,-36.674,8.971,-10.032,-20.877,-44.950,-45.100,-2.351,1.114,-35.337,-7.214,-11.078,66.173,-18.792,47.263,-99.298,30.174,-6.190,-18.331,-4.799,46.281,-39.608,-42.113,-2.587,27.649,-28.905,-6.409,-0.008,-64.070,-5.800,2.075,-4.189,-39.471,-3.461,-8.373,-1.529,29.338,-1.917,25.046,-0.444,-68.759,15.855,26.185,-14.845,4.451,-33.827,-29.246,-6.215,37.374,-23.117,-23.617,-2.386,7.926,-17.748,0.375,-4.610,-128.950,1.305,-2.360,-4.921,-30.380,-0.849,7.249,-2.132,49.107,-4.340,47.669,-0.802,-56.327,0.950,-49.458,-1.615,50.862,48.193,-16.915,14.118,17.296,60.005,0.557,24.233,-1.240,-4.307,4.704,-12.763,-137.053,-39.788,-7.483,-12.674,-2.815,-12.072,18.335,-5.813,92.928,-22.019,-17.759,-5.768,-18.873,-31.801,-68.057,-1.389,
59.590,176.310,21.751,12.414,125.053,155.519,3.158,32.867,-42.225,23.589,-5.860,-7.660,-116.053,-19.614,7.381,-20.312,38.082,101.462,108.157,-5.283,125.133,394.219,102.967,38.399,256.689,363.205,11.523,136.294,33.762,0.526,2.960,3.573,115.580,-36.640,-6.386,13.158,50.680,-66.447,-23.799,1.059,-26.148,-7.034,66.222,-12.224,106.018,-4.719,225.323,-4.195,55.729,8.796,127.824,-5.955,526.152,97.303,6.648,220.147,22.533,-158.737,0.490,5.387,89.661,-114.180,-4.173,4.780,35.027,-51.010,7.072,-7.833,44.031,-52.822,88.189,-14.342,66.255,-243.523,15.138,-8.510,-2.239,-409.913,-38.216,-77.925,677.260,-269.786,16.518,-207.997,80.564,60.074,43.979,1.071,69.101,-27.802,34.153,5.416,69.454,-40.357,16.897,-0.569,45.877,-65.436,-2.941,-11.643,-14.719,-106.406,-82.284,-4.355,2.387,-95.481,-21.120,-28.411,182.783,-78.966,98.751,-228.240,75.234,0.966,4.666,-6.189,60.490,-55.333,-20.879,-1.842,49.105,-32.537,2.821,-1.390,-41.848,-12.603,-9.867,-2.629,-48.021,-8.449,-17.242,-1.666,58.209,-5.088,47.395,-1.206,-147.139,9.252,87.707,-37.298,15.724,-84.152,-15.185,-4.300,60.332,-44.562,-0.423,-1.291,32.235,-18.647,12.187,-3.759,-111.762,-0.053,-1.659,-0.009,-39.946,-2.093,14.927,-2.057,100.459,-3.507,101.427,-1.866,-137.055,-21.683,-54.780,-4.001,103.425,41.664,24.984,15.791,33.890,27.725,26.222,22.401,7.443,-17.119,5.317,-5.965,-132.772,-36.602,-3.261,-0.611,7.019,-8.775,57.260,-5.272,134.294,-61.085,44.717,-9.495,-81.628,-79.743,-114.627,-3.645,
1.341,6.457,0.371,0.525,-2.193,1.694,-0.092,0.377,-4.090,-2.457,-0.566,-0.854,5.866,-1.022,-0.343,-0.466,1.189,-0.544,1.421,-0.207,1.783,7.452,3.215,0.267,6.169,11.523,1.232,3.972,-0.170,-4.758,-0.382,0.010,-0.113,-2.176,-0.533,0.326,1.131,-1.877,-1.247,0.311,6.295,-1.590,-0.496,-0.356,3.087,-3.821,5.249,-0.211,1.447,0.354,10.274,-2.122,16.588,6.924,1.573,9.277,-3.609,-14.942,-1.138,-0.554,1.329,-1.187,1.416,0.245,5.280,1.071,1.212,0.311,7.783,-2.061,0.958,0.200,3.823,-8.017,6.775,-0.260,-0.238,-12.542,1.791,-3.647,24.877,-8.142,2.089,-7.879,-2.281,0.177,3.467,-0.553,4.151,1.577,4.219,0.458,6.488,0.055,1.788,0.346,4.317,-0.496,2.203,0.034,0.550,-2.561,0.396,-0.057,-0.083,-3.265,-0.524,-1.063,5.184,-3.014,6.802,-9.042,-0.300,0.495,1.830,0.044,1.742,-0.037,2.419,0.353,0.097,3.252,2.404,0.144,0.472,0.547,1.418,-0.061,-1.306,-0.018,-0.246,-0.096,2.409,-0.143,2.037,-0.042,-6.920,-0.638,5.085,-1.423,-0.750,-4.867,3.712,-0.150,-2.437,0.163,3.534,0.065,-0.760,2.111,2.309,-0.140,0.477,0.493,0.584,0.075,-1.298,-0.189,0.105,-0.226,3.482,-0.626,3.728,-0.080,-5.772,-2.072,-2.004,-0.152,9.412,3.094,6.044,0.513,-2.627,-1.022,1.728,-0.004,1.722,-0.973,0.319,0.291,1.697,0.182,-0.074,0.195,-1.971,-0.713,0.997,-0.542,2.177,-3.543,1.094,-0.568,-4.484,-4.551,-3.626,-0.137,
28.699,59.130,7.210,6.713,55.165,50.228,0.917,14.533,0.006,-1.278,-3.333,-3.655,-48.301,-4.944,6.016,-3.830,18.750,63.015,60.134,-1.110,63.294,190.160,49.509,30.880,99.481,136.294,3.972,79.060,29.034,5.796,1.158,4.117,66.663,-2.932,-3.651,9.137,17.306,-20.517,-2.828,2.119,-32.411,-0.092,39.952,-5.448,41.398,4.065,109.866,-1.381,29.317,-13.767,38.674,7.770,228.974,9.732,-0.177,110.884,20.808,-63.290,-6.380,0.674,50.913,-47.365,-6.273,3.795,1.080,-13.460,2.385,-2.602,-0.140,-24.483,43.446,-6.494,19.978,-116.208,-16.497,-4.207,-0.519,-182.798,-30.337,-32.489,288.622,-122.271,6.436,-93.491,31.210,-0.323,7.714,-0.151,34.917,-30.472,2.148,0.557,32.539,-23.770,1.092,-2.585,21.295,-35.841,-14.341,-6.814,-10.419,-49.028,-45.305,-2.036,1.155,-39.860,-9.434,-11.544,77.771,-35.973,37.763,-95.977,40.462,-10.908,-0.121,-3.442,25.755,-27.396,-20.580,-1.782,38.574,-23.590,-12.099,0.371,-11.482,-11.961,-9.611,1.378,-22.376,-3.423,-8.338,-0.320,27.345,-2.233,19.630,-0.502,-56.427,-0.027,27.713,-15.899,35.077,-36.763,-8.107,-2.698,37.563,-20.200,-10.750,-0.390,21.471,-11.477,-1.406,2.425,-38.295,-1.455,-0.586,2.341,-15.530,-0.968,4.585,-1.008,48.580,-3.298,36.746,-0.730,-48.867,-14.339,-28.578,-1.592,69.036,36.592,4.201,14.842,33.897,8.646,4.296,8.478,5.341,-8.213,0.708,3.475,-54.561,-17.731,1.022,5.008,-10.109,-11.001,10.374,-3.369,54.427,-30.661,3.007,-4.702,-24.482,-24.793,-46.185,-1.534,
