61.805,265.383,16.215,7.657,6.270,227.162,30.067,4.104,-77.029,164.812,43.600,-4.947,-21.135,103.454,24.716,-7.078,32.945,50.801,-0.606,-0.609,-32.988,-4.521,-1.579,-32.194,-52.337,-59.434,-1.624,-59.218,23.890,-24.298,-17.914,4.027,16.343,-67.232,-19.905,-0.521,40.392,-57.081,-24.399,-6.719,26.581,-77.786,-31.915,-5.400,31.463,-62.448,-22.882,0.877,7.874,-16.975,-3.195,-11.399,-23.238,-31.926,4.252,-28.150,-18.867,-180.919,-28.408,-5.468,24.526,-135.269,-17.655,-3.322,8.874,-56.306,-3.749,-11.283,-8.425,2.638,-11.049,2.788,42.488,-13.551,-2.279,8.426,20.826,-1.809,3.851,-4.769,0.019,48.435,3.463,13.293,0.849,-13.671,-2.639,-1.133,17.769,-7.171,10.814,-0.068,-46.352,18.176,21.129,-4.412,-39.866,16.559,0.761,5.273,38.537,-44.638,-11.477,29.381,22.372,-33.230,0.388,-5.969,3.289,8.119,0.538,-21.186,21.324,0.608,-18.346,0.057,22.563,-30.912,-14.279,0.956,-19.482,-17.518,4.430,-5.710,-24.315,-21.580,-14.272,2.365,71.987,-38.683,-0.253,19.100,22.872,-11.109,2.510,1.273,-42.270,-0.826,12.660,-19.778,4.112,-23.443,-16.627,-13.814,47.860,-25.142,-5.594,-4.634,-36.923,-15.947,1.874,0.114,-54.177,-1.917,-0.199,-0.904,62.177,-2.739,1.861,5.021,12.885,2.402,-10.649,8.169,-51.388,2.998,-20.286,4.204,23.159,3.425,9.630,-29.217,49.979,-64.611,11.269,-29.959,-20.781,-45.499,-18.959,-1.569,-47.803,15.087,-3.786,-2.985,31.579,-18.068,0.861,-4.966,-4.462,-45.356,-45.388,1.094,17.893,12.375,-45.809,1.647,
265.383,1565.859,108.214,45.429,45.647,1260.427,180.445,15.862,-300.510,876.412,255.841,-20.063,-89.657,621.790,135.681,-16.765,170.897,413.499,12.309,-0.273,-138.470,-5.642,-2.410,-193.030,-268.384,-365.076,-13.453,-386.151,122.573,448.073,-40.844,25.497,33.218,-122.914,-90.351,0.523,158.102,-240.173,-140.129,-11.805,236.793,-427.544,-201.560,-29.750,156.335,-324.601,-142.766,4.657,55.820,-87.998,-17.664,-45.766,-67.218,-182.986,7.631,-137.128,-116.878,-1216.553,-193.688,-35.476,76.202,-954.602,-159.085,-19.418,64.288,-426.127,-66.197,-56.640,102.672,-68.936,-83.166,19.335,254.857,-75.069,-24.219,50.673,150.264,39.811,22.864,21.894,45.768,334.075,3.768,108.266,-12.719,-168.549,-8.663,-8.876,53.987,-1.719,66.154,-2.406,-233.042,158.621,107.430,-23.941,-134.061,72.091,-1.981,12.899,235.232,-124.792,-29.509,100.441,155.874,-42.254,24.375,8.171,96.911,200.898,13.007,-31.576,144.168,-24.543,-60.092,3.477,113.618,-120.339,-41.458,-0.698,-61.214,-54.849,16.372,-19.332,-10.406,-114.820,-61.409,4.241,360.417,-199.361,14.914,33.611,110.724,-19.626,24.631,-14.898,-74.271,82.073,127.159,-26.704,89.710,-163.327,-135.539,-19.233,246.668,-177.091,-73.557,0.444,-169.173,-103.161,-0.560,-8.291,-171.876,-17.023,18.382,-1.919,285.376,-18.023,6.619,14.182,-48.901,61.703,-75.087,33.929,-97.290,95.093,-60.231,63.666,25.252,-141.143,14.923,-100.798,263.906,-333.226,10.865,-6.986,-92.334,-139.855,-61.314,14.786,-190.122,79.452,14.774,-3.810,140.356,-203.471,-93.161,-22.972,-62.767,-231.591,-337.290,3.770,298.012,226.387,-129.058,12.844,
16.215,108.214,20.314,-0.440,22.017,111.080,23.948,2.112,-37.874,88.717,25.277,-2.742,-27.090,83.153,18.578,-3.064,22.596,68.280,6.151,0.518,-4.073,11.353,3.807,-15.962,-29.870,-27.149,-0.070,-31.357,12.847,58.759,14.687,-1.634,13.881,-16.961,1.539,0.900,13.877,-33.001,-13.174,-0.692,11.698,-53.261,-22.281,-4.615,13.717,-41.367,-15.880,-1.174,4.356,-6.364,-1.122,-2.120,2.905,-1.213,1.899,4.798,-9.781,-112.910,-16.228,-3.667,23.861,-100.893,-15.849,-0.921,7.759,-47.036,-9.355,-3.928,-4.995,-5.660,-7.968,2.712,22.571,-0.680,-3.022,7.641,3.212,6.628,0.721,7.378,1.351,25.684,1.519,9.132,-2.072,-22.210,0.427,-0.944,18.574,-2.921,7.552,0.189,-23.049,20.427,11.807,-2.146,-15.517,6.691,4.703,-2.609,19.796,-9.016,-2.662,8.558,8.489,-4.033,-0.187,14.586,4.809,-4.481,0.926,-7.717,8.145,-4.983,2.732,0.769,22.244,-18.938,-0.961,0.487,-4.478,-13.271,-3.796,-1.920,4.572,-18.603,-4.907,-1.828,31.557,-27.291,-1.048,-3.751,13.275,-11.959,-0.082,-1.806,8.496,-1.767,-1.254,-0.610,3.692,-12.014,-3.269,0.320,30.657,-16.739,-10.290,0.818,-16.111,-11.990,-4.058,-0.869,-11.916,-0.449,4.540,-0.750,26.195,-0.667,3.252,0.318,3.612,-5.080,-2.510,-3.038,10.143,-3.873,-13.447,2.267,8.298,8.189,4.858,-2.587,22.313,-18.930,4.044,0.954,-12.285,-10.868,2.897,-1.504,-12.873,9.265,7.310,-0.814,19.506,-7.320,-0.040,-0.965,-8.323,-21.130,-19.157,-0.442,36.339,22.100,-7.210,0.003,
7.657,45.429,-0.440,5.081,-1.486,32.398,7.181,1.630,-3.891,17.192,10.935,1.849,-3.347,8.350,3.174,-0.412,0.125,4.964,-0.263,0.392,-4.714,-3.587,-1.167,-3.312,-6.607,-13.741,-0.492,-6.516,0.436,-7.001,-4.789,2.942,-1.087,-8.065,-2.496,0.824,11.216,-9.974,-2.682,0.398,8.664,-13.775,-3.896,-0.064,2.799,-8.817,-2.329,0.486,5.354,-1.112,-0.560,-0.681,-0.340,-11.540,-0.794,-3.822,-3.207,-31.662,-4.696,-0.905,-1.586,-20.732,-2.850,-0.893,2.951,-7.282,0.058,-0.875,1.940,-0.853,-0.755,3.487,7.893,0.028,1.945,1.675,11.744,7.191,2.309,1.286,1.940,17.775,-0.680,5.355,0.982,-2.539,0.484,-0.190,-0.164,1.055,3.169,-0.119,-5.489,4.211,3.065,-0.521,-6.321,0.412,0.088,0.881,10.305,-10.420,1.558,2.990,10.977,-6.181,2.636,-4.304,8.145,10.331,1.452,-0.660,6.228,-3.270,-0.764,-0.279,1.848,-4.794,-0.284,-0.222,-1.173,-0.397,0.465,-0.688,-2.720,-0.760,-0.059,-0.137,13.613,-4.936,3.430,2.475,6.064,0.677,3.808,-0.718,-6.814,-0.723,15.147,-5.733,5.538,-8.014,-3.254,-0.197,3.887,-7.023,0.299,-0.911,-4.507,-2.862,2.588,-0.784,-9.476,-0.850,2.550,-0.431,8.113,-0.536,1.286,0.883,-3.180,8.547,-1.487,4.596,-16.805,7.404,4.379,3.526,0.582,-11.334,-0.374,0.907,6.873,-6.740,-1.124,2.215,-0.470,-7.150,-0.975,-1.046,-9.787,-4.380,0.276,-0.745,4.137,-9.606,-4.336,-0.934,-2.988,-12.850,-15.616,0.643,-10.066,-6.744,-13.112,1.262,
6.270,45.647,22.017,-1.486,928.118,231.366,51.071,85.953,428.063,280.908,5.888,128.858,-727.022,121.738,51.839,-79.875,32.136,-54.123,-0.477,-22.028,-42.078,-64.916,-22.872,-66.407,-82.822,-141.795,-13.018,-201.114,79.505,338.262,39.182,-3.659,290.301,-84.775,14.057,68.291,145.344,-253.103,-40.332,59.720,-354.922,89.756,-29.005,-59.382,17.715,-221.075,-45.978,-4.293,53.532,10.702,-12.596,104.044,69.063,79.563,-9.825,109.353,16.313,-140.192,-29.860,-19.047,265.207,-263.921,-57.059,52.608,318.923,-199.649,-43.097,67.768,-438.967,-18.434,-40.548,-10.034,-6.008,-97.382,-10.823,6.037,7.248,32.993,-2.960,62.589,112.027,133.459,6.101,133.318,6.986,-2.435,3.494,-2.566,227.646,1.694,-2.665,12.165,216.209,-16.682,-36.757,48.874,-267.305,194.137,16.242,-10.273,-20.840,-64.169,-9.395,99.020,-5.849,-134.610,-1.101,14.127,143.753,-53.970,6.768,-35.239,39.460,97.740,1.175,18.044,66.642,1.911,-82.746,12.904,103.940,-107.768,-74.203,3.594,-175.601,32.037,-17.267,-6.738,-10.425,-35.084,-5.660,65.048,78.463,-66.676,6.166,94.890,-51.228,-83.813,5.471,-93.804,-9.640,134.066,10.037,17.386,47.966,108.711,-54.296,40.411,123.071,1.704,-70.654,10.264,-214.570,-6.317,-22.642,-9.163,-27.284,-3.663,0.758,3.304,160.299,-13.438,-9.437,23.772,-73.217,-41.111,-66.591,11.776,261.488,393.832,67.290,-67.737,82.015,53.625,55.094,-100.598,126.896,-243.061,-28.088,-40.903,-149.400,-126.512,-55.185,-6.234,51.519,34.800,12.326,28.348,151.241,-7.021,-1.478,6.201,0.353,-85.499,-99.745,-1.876,
227.162,1260.427,111.080,32.398,231.366,1384.173,206.047,53.317,-307.352,1026.923,299.266,30.466,-262.984,689.821,208.501,-16.360,190.041,425.296,39.528,10.476,-137.039,-31.526,-11.521,-198.886,-365.726,-397.820,-19.292,-438.367,123.821,342.621,-3.942,14.218,138.604,-59.900,-59.124,17.513,226.256,-242.461,-150.128,-0.907,142.554,-468.361,-204.444,-63.558,133.991,-444.857,-166.408,-5.429,66.867,-83.860,-30.056,-19.529,-27.313,-72.726,-8.154,-56.764,-130.720,-1294.613,-199.010,-44.641,174.016,-1104.210,-173.476,-13.743,213.344,-521.306,-75.323,-49.542,8.457,-77.318,-88.280,10.897,211.338,-46.047,-17.717,47.432,101.543,144.604,18.979,46.456,34.102,366.493,-2.594,137.343,-12.756,-170.438,1.652,-9.274,144.572,4.610,65.300,0.953,-159.323,151.121,111.131,-11.831,-222.599,115.998,53.273,-8.543,188.830,-119.868,-2.789,85.229,113.731,-13.452,23.627,15.350,154.086,124.506,18.749,8.682,154.329,74.809,-17.654,12.163,149.226,-96.974,-50.721,7.272,3.950,-112.682,-30.517,-21.311,-78.951,-169.054,-56.233,-10.972,302.983,-261.598,6.571,11.128,62.778,-95.299,17.777,-50.344,91.712,11.936,115.349,-60.037,102.072,-32.662,-80.858,0.886,225.911,-105.960,-88.897,-2.063,-80.912,-97.760,-24.446,-4.780,-278.813,-9.641,21.280,3.601,226.018,-2.100,12.730,15.919,-67.980,33.687,-21.108,5.108,-55.457,43.876,5.812,17.009,78.668,87.076,33.333,-80.277,260.049,-181.488,11.369,-62.692,-24.960,-238.031,-58.213,-25.869,-261.210,-6.238,-17.673,-7.057,112.190,-90.440,-26.672,-9.856,-119.578,-145.213,-154.096,8.649,105.540,107.280,-66.962,8.113,
30.067,180.445,23.948,7.181,51.071,206.047,66.618,6.301,-68.328,157.065,88.032,-0.672,-81.710,142.967,57.976,-10.539,42.070,79.830,18.995,0.334,-24.134,-9.202,4.577,-34.161,-91.886,-72.942,-1.444,-73.356,22.872,50.670,19.468,0.942,43.503,-35.956,14.512,4.030,59.622,-88.651,-17.387,-4.897,7.384,-124.644,-42.410,-20.196,26.611,-110.615,-32.831,-4.458,30.836,-9.137,-4.075,1.195,-14.711,-2.954,-1.708,10.915,-17.194,-238.716,-31.043,-8.803,71.177,-216.837,-30.120,-1.068,73.074,-111.971,-15.153,-10.556,-43.880,-15.178,-14.045,3.025,42.390,9.927,5.775,12.947,32.813,54.316,7.811,20.039,8.664,103.102,1.629,34.271,-3.972,-56.210,-2.842,-2.246,61.265,-23.156,16.637,0.642,-7.698,16.276,21.232,-1.210,-62.627,25.038,17.022,-5.070,50.150,-47.565,7.627,17.216,39.042,-36.452,7.000,4.743,56.537,5.843,11.803,-17.637,8.685,-7.396,9.437,-1.425,41.536,-40.227,-2.421,3.185,11.197,-45.737,-8.112,-4.096,-38.207,-34.556,-8.573,-5.092,76.934,-69.926,5.730,3.180,44.854,-47.598,8.316,-17.420,9.160,-38.084,45.955,-40.061,16.771,-23.578,19.660,-7.091,51.243,-24.713,-5.672,-3.821,-1.657,-29.800,-7.919,-3.381,-85.177,-3.477,5.008,-1.455,55.071,6.497,11.903,5.328,18.796,13.721,12.118,1.019,-65.921,-5.025,9.989,-5.302,51.520,71.817,18.340,-4.920,41.514,-17.906,16.030,-22.904,4.297,-91.884,-4.667,-17.260,-71.552,-27.675,-9.313,-2.378,38.721,1.067,-4.053,3.851,-19.123,-48.856,-36.066,3.014,-40.385,-39.139,-57.339,0.901,
4.104,15.862,2.112,1.630,85.953,53.317,6.301,25.310,-1.153,32.902,0.188,39.101,-88.756,-2.083,1.369,-5.117,-2.092,-13.844,-4.073,-2.422,-19.088,-18.427,-5.016,-11.736,-13.220,-26.930,-2.109,-23.238,12.728,40.106,0.001,3.542,22.656,-0.922,-1.604,11.388,17.135,-15.621,-6.365,12.496,-31.923,3.922,-5.691,-4.356,-0.296,-25.235,-7.736,0.600,4.477,4.444,-2.056,8.128,1.423,-2.088,-1.375,2.423,-0.093,-20.161,-4.536,-1.381,21.320,-24.632,-4.063,4.462,34.735,-9.241,-4.736,10.115,-34.025,-3.098,-7.036,1.281,-1.067,-17.630,-2.040,0.740,3.625,7.314,0.487,8.956,15.448,27.847,2.425,23.927,-0.828,-1.843,-0.051,-0.255,17.726,-9.759,-3.363,0.173,20.030,0.988,-0.951,3.478,-16.514,20.333,1.327,0.467,-0.841,-6.853,-1.382,11.416,-1.133,-11.333,1.169,-0.270,12.562,-3.635,0.933,-3.207,-4.799,4.734,-6.036,2.497,1.974,-6.944,-8.336,0.580,-6.960,-7.110,1.485,-2.780,-24.436,4.533,3.190,-0.355,2.854,-0.188,2.412,7.790,4.136,5.867,2.013,7.323,-8.749,3.949,1.641,-9.786,-1.992,15.078,2.187,-6.438,5.726,12.474,2.075,-1.661,-3.747,-1.302,-1.911,3.281,-28.861,0.867,-0.552,0.430,-0.331,-0.555,0.941,0.603,7.022,2.181,2.150,0.620,-6.128,1.974,-3.328,0.195,54.715,46.151,9.842,-7.578,28.018,13.199,9.566,-8.199,12.032,-27.578,-0.657,-2.061,-17.952,-20.018,-3.585,-1.122,8.424,1.151,10.023,1.110,4.640,7.604,4.172,0.418,-13.915,-5.040,-8.943,0.107,
-77.029,-300.510,-37.874,-3.891,428.063,-307.352,-68.328,-1.153,2602.305,-70.411,-108.062,209.579,859.126,-120.585,-66.420,67.099,-179.726,-224.830,-28.261,-87.887,-458.000,-262.179,-40.776,-318.592,-764.762,-621.095,-24.722,-656.414,24.176,490.736,-47.317,-30.906,-11.992,414.581,-42.145,-34.975,287.045,92.175,61.527,30.778,-45.580,272.217,109.544,18.700,-34.771,56.400,47.490,-28.914,133.873,7.823,-9.810,117.865,10.060,67.236,-1.967,165.390,48.020,150.271,-60.765,-45.630,-125.993,331.895,-49.309,-10.078,266.305,59.049,-11.517,20.331,-4.331,-98.029,-17.684,-9.862,-128.333,-197.717,-64.977,0.483,75.772,-144.029,-33.793,108.789,435.544,417.222,11.410,652.707,2.336,-161.941,3.088,-12.905,-102.685,137.754,41.598,5.053,222.856,53.841,-9.492,1.492,-24.171,218.931,-70.551,-22.297,-77.550,115.467,-114.861,111.077,56.795,-220.983,-29.185,71.828,147.374,37.709,0.530,42.620,179.159,198.217,117.333,-2.790,-60.552,306.246,42.954,-3.876,261.938,50.593,-112.941,8.873,38.938,17.660,-84.983,-24.412,-90.925,92.344,-38.081,53.185,319.759,-26.194,6.526,192.510,-249.998,-175.877,-26.913,-180.575,360.995,165.626,-18.159,96.974,-146.771,100.875,-118.103,42.935,261.693,30.199,-51.909,-17.441,31.066,-52.971,-40.765,-17.463,-106.853,-6.021,-2.320,-19.400,427.652,-11.389,16.577,28.866,-157.585,-118.349,-198.990,-32.752,-77.336,111.452,-8.873,133.473,-183.434,190.049,19.988,136.847,224.411,131.726,-36.467,-16.129,53.853,4.370,-83.523,7.332,25.761,28.465,11.640,53.208,268.159,-51.867,-16.608,18.097,-42.517,-349.158,-237.568,-7.347,
164.812,876.412,88.717,17.192,280.908,1026.923,157.065,32.902,-70.411,1028.118,218.184,22.079,-206.203,702.579,194.184,-17.156,209.282,437.834,66.380,6.203,-176.757,3.061,-9.786,-171.300,-499.829,-377.609,-19.214,-468.007,91.912,342.460,40.737,-3.506,118.277,-38.806,-1.360,4.511,162.393,-223.296,-93.839,-12.464,96.186,-383.111,-141.935,-59.349,115.432,-422.696,-139.182,-12.068,41.081,-77.438,-31.930,-4.755,-75.143,-5.829,-6.817,-20.483,-87.976,-826.891,-129.253,-35.247,128.780,-825.934,-122.514,-11.053,195.078,-446.363,-62.760,-39.474,-33.462,-107.740,-62.256,-0.698,158.236,-33.880,-16.646,37.797,45.429,140.958,8.473,47.833,31.291,274.495,-2.124,128.723,-11.139,-170.729,-12.600,-6.100,108.911,-42.040,48.394,0.122,-47.371,64.284,70.024,-4.001,-189.030,56.651,63.271,-16.393,120.950,-77.338,26.031,43.177,82.350,57.472,11.621,42.202,138.711,87.472,10.488,46.199,96.955,23.939,-27.579,1.043,106.348,-108.013,-69.708,4.661,12.502,-148.867,-40.213,-24.467,-81.781,-171.134,-28.702,-19.820,208.707,-235.446,10.553,-28.893,46.957,-96.899,9.304,-66.581,161.109,-11.401,79.766,-26.550,10.869,-27.294,-64.313,7.373,152.756,-40.254,-57.839,-5.286,-57.192,-48.754,-26.523,-3.810,-263.141,-15.797,21.274,-4.269,149.990,1.769,18.843,4.295,-81.141,2.492,26.020,-20.476,-26.192,0.131,33.838,-4.034,30.897,61.363,35.626,-92.371,157.664,-126.640,2.734,-54.724,-5.608,-170.803,-60.536,-25.652,-193.279,25.525,-19.683,-8.094,86.018,-4.833,12.919,-3.893,-130.946,-127.797,-59.609,1.036,32.862,35.299,-7.123,2.830,
43.600,255.841,25.277,10.935,5.888,299.266,88.032,0.188,-108.062,218.184,204.711,-15.020,-11.850,196.793,150.398,-10.252,71.322,48.727,44.574,-1.951,-37.318,-31.468,13.627,-66.837,-142.730,-103.087,-3.698,-131.071,19.599,16.879,20.510,-2.795,61.534,-42.381,22.078,-1.420,120.954,-120.110,0.155,-19.414,12.495,-222.983,-45.214,-36.882,16.005,-188.429,-45.014,-12.427,31.783,-33.176,-4.817,-9.323,-19.760,4.773,-1.929,11.430,-37.667,-399.837,-49.179,-18.565,120.999,-348.055,-41.435,-8.659,168.377,-199.597,-24.588,-34.087,-59.637,-54.619,-24.812,-12.426,45.303,7.931,8.533,12.163,47.462,85.335,12.336,23.333,-24.904,157.401,0.831,39.475,-8.931,-86.808,-5.111,-3.805,108.693,-39.491,15.287,0.453,35.240,3.608,26.632,-8.060,-117.246,49.527,44.343,-18.057,59.601,-44.377,23.237,9.415,73.800,-49.067,10.831,1.047,73.918,18.770,20.334,-11.820,2.825,29.006,30.755,-2.141,49.546,-41.684,-10.615,6.246,48.273,-73.597,-4.821,-5.138,-124.304,-45.035,0.021,-14.794,88.799,-116.463,9.922,-0.669,113.444,-102.971,10.664,-46.810,31.066,-84.645,79.675,-84.024,47.602,5.632,46.028,-6.670,60.595,-16.096,6.919,-13.206,34.046,-48.784,-1.488,-3.534,-209.842,-7.612,-2.040,-0.193,70.265,9.803,21.711,8.856,55.583,24.242,25.274,-1.176,-137.205,-15.890,19.498,-25.958,64.773,162.076,27.859,2.057,73.213,3.187,36.133,-55.604,17.070,-209.138,-19.064,-36.237,-164.409,-90.933,-43.761,-4.440,67.423,11.132,13.531,3.099,0.901,-68.336,-39.122,2.722,-101.183,-97.253,-88.525,0.105,
-4.947,-20.063,-2.742,1.849,128.858,30.466,-0.672,39.101,209.579,22.079,-15.020,186.287,-93.057,-51.263,-7.760,71.841,-44.981,-67.329,-22.088,-7.359,-86.428,-52.725,-22.115,-23.593,-92.370,-80.937,-9.106,-74.290,25.104,97.068,-6.566,0.672,-3.543,30.161,-6.604,6.462,23.060,-31.617,2.091,26.728,-24.851,2.067,2.835,20.400,-11.257,-42.679,-13.391,2.807,12.314,0.449,-8.602,9.892,40.524,40.284,-4.755,15.953,9.550,50.952,-14.741,0.626,-16.081,61.548,-2.437,3.418,32.052,17.507,-6.356,13.537,-16.094,-17.625,-5.271,3.368,-18.379,-8.872,-6.747,2.984,19.883,-2.103,-4.459,15.856,76.029,62.628,1.601,65.752,-5.678,-17.257,0.245,1.421,-10.919,14.264,2.287,-0.306,24.611,-6.754,-10.984,-3.700,-6.136,3.372,-12.442,0.049,-18.901,4.628,-16.001,11.974,7.499,-15.334,-3.180,14.882,13.330,-11.641,0.257,9.510,14.570,27.416,9.967,0.041,-11.435,14.036,-13.802,-1.065,1.869,-20.185,-16.106,-3.757,-32.525,-9.170,-4.984,-4.781,-32.522,33.761,3.556,1.080,29.810,47.399,9.470,13.775,-21.471,-1.102,6.847,-27.751,64.971,26.537,-3.350,-9.664,-12.557,19.979,4.579,-12.392,2.380,-6.392,4.251,2.253,-22.042,-9.137,0.257,-2.547,-37.066,4.875,5.841,-5.018,36.536,10.239,31.136,-4.487,-18.990,-8.596,-16.137,-13.768,62.927,50.757,6.496,16.588,11.295,65.780,6.968,10.322,24.744,9.664,1.461,-3.553,7.367,-25.689,0.568,-7.752,22.367,28.637,15.291,10.523,16.349,49.684,22.621,6.639,-35.416,-45.668,-31.419,-1.228,
-21.135,-89.657,-27.090,-3.347,-727.022,-262.984,-81.710,-88.756,859.126,-206.203,-11.850,-93.057,2321.470,-15.771,-12.211,160.040,-25.373,94.982,10.524,-40.289,-409.635,-40.302,44.941,-294.322,-713.693,-431.006,3.476,-421.749,-50.760,-8.288,-35.049,4.495,-364.560,319.997,-13.105,-104.039,-136.319,490.162,83.284,-119.676,600.070,-82.317,76.488,80.460,36.128,407.131,83.315,-10.793,25.247,38.474,29.447,-50.826,-124.417,-72.180,-15.094,-2.049,-4.071,156.880,-28.280,14.714,-407.200,366.055,29.602,-75.684,-472.127,253.332,23.494,-117.425,738.648,-85.106,35.748,6.650,27.379,-62.710,-38.448,5.513,33.100,-157.425,-29.783,4.944,208.239,140.583,-10.673,236.275,-6.608,-194.781,-13.541,-9.786,-384.031,66.844,58.630,-11.406,-354.945,91.409,95.507,-91.657,402.042,-141.681,-52.293,-9.684,38.330,137.905,-79.852,-13.726,73.897,-12.670,-39.106,71.468,-14.999,75.913,3.984,90.072,99.302,-31.753,110.650,-25.215,-113.519,155.849,180.400,-24.357,-35.264,187.186,44.001,-22.134,357.475,-99.810,-30.830,-26.486,19.660,13.918,-11.618,-23.789,137.676,1.974,-33.917,18.692,-39.509,35.444,-88.801,54.733,237.779,-72.387,-1.668,42.379,-105.806,-100.350,-38.688,-13.701,0.653,36.465,54.418,-33.943,308.719,-9.967,18.441,-19.889,3.811,-30.989,-15.301,-19.153,68.899,-59.743,-55.842,-8.350,165.526,-63.355,-120.460,-31.939,-309.888,-404.775,-66.257,113.741,-173.165,42.951,-24.103,120.326,-69.952,358.378,-1.510,19.602,132.775,140.268,8.700,6.285,-158.942,-79.343,-20.405,-41.184,85.656,-101.299,-15.846,-18.434,153.097,-87.958,79.138,-0.782,
103.454,621.790,83.153,8.350,121.738,689.821,142.967,-2.083,-120.585,702.579,196.793,-51.263,-15.771,1018.763,257.958,-5.617,326.269,764.460,186.544,11.931,-79.527,35.139,41.246,-179.087,-352.583,-255.379,1.748,-322.937,75.077,327.148,71.320,2.927,16.990,141.160,52.439,-8.791,-38.269,-45.656,-39.900,-22.925,114.746,-303.086,-56.432,-62.822,94.375,-252.409,-81.387,-13.966,21.814,-64.547,-16.400,-20.123,28.056,73.532,22.890,39.601,-91.470,-941.614,-111.451,-34.086,38.961,-804.746,-106.758,-25.828,127.178,-428.002,-74.254,-57.485,154.417,-175.441,-72.838,14.465,132.200,-20.484,-18.177,32.148,2.198,142.490,6.525,32.592,5.963,224.768,16.546,15.261,-16.699,-264.350,0.549,-8.105,34.768,-46.233,84.923,-5.826,-148.663,100.389,81.771,-31.271,-83.265,6.107,58.071,-18.873,98.255,-36.165,33.479,6.746,21.712,159.253,4.614,82.982,119.118,73.056,19.429,37.134,85.716,2.153,48.427,-2.966,80.150,-118.677,8.470,3.302,-3.789,-139.948,-44.256,-24.503,39.034,-218.476,-55.205,-26.286,163.051,-257.272,-5.601,-54.160,-91.986,-125.458,4.836,-61.534,295.604,-6.192,59.181,30.753,51.607,-81.484,-0.108,28.326,146.066,-136.751,-49.581,-9.333,-52.546,-91.504,-29.996,-15.016,-108.295,-13.366,31.992,-1.494,115.569,4.284,13.263,5.577,-192.963,-39.465,31.616,-31.865,139.588,-22.051,70.524,12.680,-31.988,16.465,28.607,5.917,99.600,-20.340,0.447,-44.512,-92.859,-33.723,0.907,-32.848,-114.289,65.723,30.235,8.497,-26.671,68.069,-29.216,11.276,-161.670,-71.390,-11.829,-6.943,149.265,55.779,70.822,2.539,
24.716,135.681,18.578,3.174,51.839,208.501,57.976,1.369,-66.420,194.184,150.398,-7.760,-12.211,257.958,266.550,-4.654,143.121,125.318,145.792,-6.148,-31.614,-3.275,26.003,-59.141,-96.611,16.161,0.926,-85.821,8.594,-1.504,40.074,-5.810,47.666,-12.721,49.314,-0.580,96.483,-85.063,40.596,-22.400,0.255,-239.547,48.998,-47.715,0.100,-237.548,-8.742,-16.468,5.526,-38.653,-4.205,-6.656,-2.108,75.328,-3.324,44.002,-41.062,-329.352,-11.098,-17.245,89.833,-304.773,-9.944,-6.773,206.229,-201.610,-5.195,-32.996,-38.606,-82.107,-13.200,-26.678,8.501,40.888,16.068,7.294,8.591,122.665,7.623,32.097,-75.692,117.177,2.409,5.363,-6.985,-99.535,-6.259,-2.952,88.469,-70.526,8.031,0.386,83.374,-33.009,24.108,-9.170,-103.346,30.967,81.808,-29.671,9.561,-34.884,59.541,-29.212,63.759,30.012,8.038,19.541,79.891,18.831,14.888,16.825,-23.108,-3.255,24.023,-7.750,43.696,-65.356,-6.091,4.750,107.949,-103.783,-7.452,-6.888,-156.068,-74.712,13.758,-20.220,11.663,-145.668,11.493,-33.130,54.570,-124.109,12.516,-84.668,173.134,-87.461,61.010,-67.982,-13.534,16.355,85.795,-11.595,47.454,-34.242,24.054,-24.184,97.118,-47.003,7.113,-7.396,-237.327,-6.506,-10.855,-3.439,6.827,5.775,15.737,3.661,-12.087,-13.859,61.045,-16.781,-52.314,-43.074,55.827,-35.281,95.502,243.526,55.070,20.805,76.703,40.219,79.721,-87.750,24.695,-247.583,7.135,-56.086,-183.745,-111.832,-67.755,-1.670,-1.149,37.163,10.503,14.810,-13.844,-45.768,22.708,-2.088,-62.291,-80.721,-33.476,-3.726,
-7.078,-16.765,-3.064,-0.412,-79.875,-16.360,-10.539,-5.117,67.099,-17.156,-10.252,71.841,160.040,-5.617,-4.654,104.248,-16.719,19.751,-5.453,10.212,-60.452,-11.142,-8.496,-19.937,-102.022,-76.246,-3.530,-64.760,1.288,18.543,-7.028,6.786,-59.018,67.947,-5.143,-9.440,-75.524,55.601,1.962,-4.089,69.479,-49.883,8.204,30.006,5.160,20.623,1.766,6.893,-0.914,3.887,-3.014,-8.229,4.762,21.764,-2.897,-6.428,-6.139,-22.436,-15.478,8.004,-72.347,33.874,-3.399,-8.704,-103.182,24.849,-4.797,-15.860,122.444,-25.264,0.532,6.215,11.521,10.397,-7.236,3.133,6.836,-7.444,-6.025,7.978,27.921,15.097,-3.935,23.695,-3.747,-47.173,-0.048,0.309,-63.931,21.841,11.546,-1.738,-85.353,8.084,-1.941,-18.081,53.261,-70.114,-26.246,-1.016,-3.721,18.525,-16.308,-21.458,-6.269,45.415,-7.497,9.451,0.272,23.185,0.977,46.392,18.371,-0.257,22.308,-4.377,-7.896,11.145,14.186,-2.980,-28.202,6.282,-14.305,-2.395,52.067,-24.041,-13.941,-5.914,-27.684,39.116,-1.559,-19.800,-24.579,46.065,0.769,-11.719,39.665,19.104,-2.975,25.637,49.223,-12.906,-8.367,2.395,3.966,-41.037,-7.026,-14.044,-19.083,-12.544,7.366,-5.687,76.859,-4.777,8.235,-3.125,-21.487,4.650,-0.024,-4.205,-30.711,-0.453,14.603,-7.007,54.185,-19.304,6.070,-5.955,-46.830,-66.085,-16.040,26.254,-25.884,21.220,-13.631,29.325,-34.450,88.833,9.947,10.109,67.728,35.437,18.776,-3.479,-6.401,10.933,-15.505,5.055,-21.177,25.658,-1.326,8.247,25.533,7.635,43.297,0.850,
32.945,170.897,22.596,0.125,32.136,190.041,42.070,-2.092,-179.726,209.282,71.322,-44.981,-25.373,326.269,143.121,-16.719,292.555,279.924,119.191,29.207,11.603,64.958,36.257,26.063,-148.806,-89.636,3.506,-119.969,14.813,-14.524,36.287,9.652,8.592,-0.344,50.293,-0.800,-45.214,-26.208,13.452,-27.455,23.105,-160.511,14.594,-39.364,52.001,-166.726,-18.211,-3.136,-6.977,-20.859,1.185,-0.703,10.193,55.564,19.679,15.946,-35.488,-265.582,2.036,-1.303,35.508,-233.834,-7.709,-2.243,69.202,-134.951,-7.868,-25.615,-5.482,-68.561,-23.132,-19.203,46.749,-5.345,-0.560,4.651,-8.024,54.464,6.528,7.667,-40.703,41.904,15.555,-49.594,-3.350,-103.734,-5.305,-2.556,42.548,-94.334,8.870,1.189,7.565,-39.244,17.713,-5.241,-69.853,-11.564,48.576,-18.526,20.404,-26.046,50.242,-17.919,28.617,55.255,6.255,31.528,42.080,-24.446,9.537,2.246,-46.517,-90.039,-24.648,-6.339,45.953,-140.949,-11.692,2.435,31.865,-90.878,4.242,-6.919,-97.008,-60.819,19.170,-9.318,28.897,-115.075,10.301,-24.879,-16.316,-85.903,7.211,-31.335,121.790,-36.660,26.455,2.982,-114.094,-89.698,29.144,-28.126,93.698,-62.640,28.496,-21.299,35.358,-39.800,-2.730,-0.700,-134.982,-2.671,-9.236,1.175,28.937,0.788,6.666,3.870,-61.193,-19.384,35.934,-7.881,32.360,-23.625,18.281,6.550,51.410,33.899,42.438,-43.964,118.640,-58.608,38.495,-53.941,21.321,-102.646,-19.367,-13.782,-71.326,-22.229,-23.344,1.074,-40.579,-21.681,-9.451,0.841,-49.041,-99.340,-22.823,6.262,78.454,-6.410,-11.567,3.023,
50.801,413.499,68.280,4.964,-54.123,425.296,79.830,-13.844,-224.830,437.834,48.727,-67.329,94.982,764.460,125.318,19.751,279.924,1051.040,236.044,29.198,-38.200,210.036,102.396,-130.302,-228.381,-303.426,8.891,-262.322,9.210,204.282,89.836,9.834,-106.723,176.122,56.942,-19.581,-216.150,108.011,-24.006,-13.684,205.738,-95.911,11.506,-11.074,91.924,36.299,36.509,-6.990,-31.517,-31.099,14.622,-54.896,9.642,-29.498,21.451,-25.009,-65.998,-647.041,-38.349,-19.852,-136.784,-493.810,-65.126,-29.393,-188.350,-256.806,-48.173,-47.120,359.007,-186.646,-60.674,35.602,134.427,-166.797,-50.739,20.004,-26.434,-59.562,-4.004,-1.939,-8.503,86.304,17.711,-22.879,-9.039,-229.077,5.936,-9.647,-96.194,-39.501,62.261,-9.152,-230.646,116.866,42.192,-35.692,124.779,-120.863,-33.477,-1.543,73.080,-51.462,16.506,1.712,-38.624,157.776,10.904,63.544,-12.781,102.089,9.710,37.371,49.184,-89.936,22.107,-5.287,37.364,-129.702,43.812,-7.483,-82.989,-31.827,-37.939,-13.606,230.221,-78.032,-26.261,0.217,128.522,-49.920,8.004,-28.167,-175.567,6.340,-5.590,15.006,162.557,107.180,-38.351,125.041,-55.456,-113.896,-55.108,39.174,93.050,-163.999,-57.758,-3.147,-160.234,-51.821,-5.101,-8.430,156.087,7.864,61.013,5.096,122.118,-1.389,-10.203,1.174,-210.858,-39.497,-56.697,-6.698,297.127,4.698,-28.577,57.203,-216.866,-286.502,-26.311,31.568,28.927,-111.871,-44.148,70.774,-192.116,211.508,81.348,21.187,62.257,186.040,111.532,8.316,-60.532,-14.384,-70.283,-2.767,-204.011,-66.902,-78.768,-1.468,309.429,199.063,159.332,6.202,
-0.606,12.309,6.151,-0.263,-0.477,39.528,18.995,-4.073,-28.261,66.380,44.574,-22.088,10.524,186.544,145.792,-5.453,119.191,236.044,183.820,0.863,-14.397,40.854,56.495,-43.652,-69.949,-17.949,3.078,-60.313,-8.359,7.053,39.170,-0.793,-16.722,46.215,44.694,-4.492,-12.478,15.401,32.317,-11.152,29.024,-61.442,70.075,-24.828,-10.992,-78.655,55.346,-10.511,-20.912,-20.907,12.330,-12.237,-40.228,21.949,2.227,20.033,-16.173,-147.511,12.848,-6.477,-6.077,-130.488,2.361,-5.329,61.300,-100.927,-0.791,-18.412,58.892,-81.165,-13.603,-13.432,-3.355,-32.220,-3.926,-2.774,-10.771,26.896,1.398,10.908,-39.485,59.698,3.081,13.503,-2.776,-72.392,-4.858,-1.609,10.379,-61.062,-3.705,-1.808,39.890,-37.208,-5.580,-9.748,4.229,-22.210,19.963,-12.550,-12.180,-22.641,44.064,-30.956,15.824,61.244,10.496,-2.648,28.872,37.662,3.489,24.844,-41.981,-36.423,2.046,-4.843,5.659,-57.801,-1.809,0.557,36.487,-54.261,-7.732,-3.398,-55.921,-5.678,15.364,-4.127,-16.185,-32.727,13.850,-16.517,-17.743,-53.890,6.424,-38.958,106.287,-31.419,11.096,-9.565,-66.645,-7.376,44.906,-7.114,13.327,-38.650,25.437,-15.174,21.366,-28.475,13.192,-3.005,-95.875,4.921,3.661,5.005,-4.002,11.933,0.602,6.998,-37.237,-9.239,32.692,-4.196,0.538,-20.570,31.844,-10.680,33.633,57.982,23.964,22.485,39.140,12.180,48.162,-26.856,17.507,-83.232,34.294,-26.928,-62.375,-25.261,-21.640,4.471,-15.731,26.444,-20.351,17.296,-23.074,-23.681,12.644,2.364,-26.968,-35.882,15.994,-2.087,
-0.609,-0.273,0.518,0.392,-22.028,10.476,0.334,-2.422,-87.887,6.203,-1.951,-7.359,-40.289,11.931,-6.148,10.212,29.207,29.198,0.863,36.847,20.999,42.243,-0.047,68.248,-13.525,-4.379,-1.586,-0.353,-2.716,-30.162,-3.007,2.832,-6.453,1.057,2.273,0.848,-24.632,1.917,-5.521,-2.262,-7.178,-33.581,-3.294,5.016,-3.659,-23.706,-1.916,10.697,-7.822,-0.001,-1.353,6.329,-5.305,8.353,-0.054,-10.009,-8.791,-6.679,1.263,4.317,5.516,-10.619,2.500,-1.095,-16.610,-10.747,-0.016,-5.149,1.848,-24.109,-4.307,1.732,2.495,-14.372,-0.469,-0.545,-10.274,10.870,0.403,-6.336,-25.654,-21.499,-2.189,-26.563,-1.818,-7.076,-0.781,1.009,8.986,-11.806,-1.408,0.274,-6.746,-11.891,-7.816,-2.384,-10.279,-28.075,-3.961,-1.963,-0.188,19.645,11.649,-15.613,-17.475,49.578,1.497,-3.194,-9.709,16.992,-3.453,28.845,-8.242,-18.372,-6.323,-1.570,4.097,-23.222,-5.474,0.872,-20.747,-13.668,-5.594,2.301,-0.991,-2.024,6.654,-2.033,-4.567,-2.538,2.687,-13.182,-42.082,-1.834,-1.814,-14.331,53.956,3.641,0.719,23.686,-19.908,-22.605,-10.015,-3.395,8.360,-20.684,-0.575,-3.589,-15.488,-7.684,-1.134,1.379,4.291,1.389,4.444,2.095,-7.226,-0.965,-3.621,-0.616,-43.497,-1.314,-8.243,-5.616,47.863,8.077,24.609,0.029,-12.254,-40.271,-6.633,2.335,2.274,-14.933,-7.128,8.469,-1.338,5.955,2.070,6.910,22.098,11.008,1.947,3.487,-21.613,-12.585,-24.271,-2.292,-22.142,-1.355,-20.842,3.762,12.739,19.309,39.049,2.923,
-32.988,-138.470,-4.073,-4.714,-42.078,-137.039,-24.134,-19.088,-458.000,-176.757,-37.318,-86.428,-409.635,-79.527,-31.614,-60.452,11.603,-38.200,-14.397,20.999,999.675,223.702,10.394,378.152,1076.282,430.744,12.044,604.807,12.187,-137.286,20.908,12.298,32.717,67.496,12.889,26.570,-85.167,47.732,35.944,41.068,-150.713,175.319,39.186,-3.744,-21.325,-67.418,-32.035,12.556,14.862,-153.199,-22.719,18.092,524.106,58.567,14.246,153.422,6.773,-105.728,32.279,18.622,18.294,-17.490,1.734,23.629,3.777,-13.900,16.235,71.018,-239.059,83.854,22.742,9.260,-70.901,115.681,6.853,-6.337,-101.440,-1.535,-5.609,-79.125,-138.426,-368.615,-11.703,-461.297,-0.812,60.942,53.091,-0.819,17.921,86.873,41.088,1.969,5.210,84.519,7.169,35.170,-146.334,74.888,37.670,8.111,-83.648,50.502,31.308,-66.583,-90.969,178.445,9.187,-12.447,-95.122,-47.645,-32.089,-21.777,85.308,64.851,74.365,28.677,22.858,41.501,25.086,7.726,137.708,19.056,-67.229,22.770,43.193,-39.033,-21.742,7.822,-139.232,-87.328,-28.117,-35.477,-337.757,-7.732,5.420,-69.576,303.741,120.647,-16.446,149.204,6.000,9.665,-1.262,76.703,-34.633,-49.845,-80.787,56.446,128.007,-22.147,-63.164,14.327,81.519,4.812,-17.011,14.078,-161.492,2.784,-18.702,2.102,-329.774,-3.211,-14.569,-7.120,288.417,79.615,133.034,23.791,-119.772,-72.226,-39.042,66.210,-102.940,-40.430,-105.234,67.145,53.493,29.487,-4.161,23.439,93.352,-109.939,16.040,-1.671,-194.635,-125.227,-122.894,-22.790,-86.710,57.837,-28.199,-5.036,167.929,232.765,222.134,-0.296,
-4.521,-5.642,11.353,-3.587,-64.916,-31.526,-9.202,-18.427,-262.179,3.061,-31.468,-52.725,-40.302,35.139,-3.275,-11.142,64.958,210.036,40.854,42.243,223.702,410.753,44.035,236.268,112.627,301.606,3.833,213.815,-17.961,-63.408,30.809,-6.326,-32.386,-53.864,28.486,-5.300,-133.043,1.871,12.101,-17.642,31.154,-35.272,-7.609,11.646,22.542,9.139,-2.288,10.159,-58.016,41.416,4.284,16.083,11.403,43.712,-5.743,-32.411,8.197,148.812,30.758,-2.904,-6.189,59.451,17.098,-0.668,-140.932,14.980,3.204,-13.361,-9.290,-15.260,6.943,-6.477,48.568,74.900,5.740,-2.931,-70.207,76.142,0.860,-33.756,-184.160,-164.913,-12.331,-263.832,-0.219,-1.330,3.958,-3.113,15.946,-7.354,-7.498,-1.322,-72.635,34.713,-3.945,-9.499,2.897,-44.773,27.192,-14.687,12.585,13.865,38.046,-56.914,-64.863,177.892,10.218,-11.636,-35.433,62.874,-16.102,46.236,-18.118,-16.325,-8.604,3.005,26.858,-39.063,-3.861,1.731,-16.845,2.148,-30.079,-0.501,53.925,-23.042,15.713,-2.417,-8.854,-49.085,1.838,-43.270,-228.061,8.005,-8.015,-67.967,272.474,98.025,-24.054,103.832,-90.391,-24.706,-43.703,32.589,23.938,-30.558,-42.860,22.882,-20.203,3.307,-30.308,7.909,44.368,3.782,-0.146,-2.200,-15.891,-4.309,-18.109,-6.926,-247.946,2.661,-49.693,-19.916,288.337,77.838,65.131,11.923,-139.738,-194.911,-37.375,-8.406,-40.148,-73.869,-70.981,35.784,-21.335,98.241,-43.372,21.473,67.116,35.217,1.793,-5.861,-100.339,-78.733,-107.115,-14.832,-106.846,52.806,-101.818,8.144,212.239,246.678,160.029,3.480,
-1.579,-2.410,3.807,-1.167,-22.872,-11.521,4.577,-5.016,-40.776,-9.786,13.627,-22.115,44.941,41.246,26.003,-8.496,36.257,102.396,56.495,-0.047,10.394,44.035,64.309,-14.965,-4.027,-42.572,15.415,-28.084,-5.343,-48.446,15.066,-3.031,-14.934,-0.228,17.264,-4.006,-24.412,13.449,6.346,-7.657,24.480,1.933,11.312,-5.349,2.781,29.030,29.410,-1.179,-7.558,8.462,16.159,-5.999,-30.953,-34.229,1.419,-24.471,-2.696,-64.119,3.650,-2.539,-12.072,-15.916,7.373,-2.130,-15.726,-12.143,-3.241,-5.892,30.425,-14.744,-5.059,-3.066,6.063,-18.587,-4.597,0.065,-4.302,-13.561,1.116,-2.733,-23.333,7.809,2.257,-9.156,-1.522,-21.383,-0.117,-0.111,-6.641,-13.610,5.131,-0.928,-12.263,-7.389,0.440,-5.151,17.650,-11.344,-10.862,-0.088,5.592,-29.491,-1.056,4.604,-2.072,-4.616,2.912,-10.712,9.096,32.854,3.582,17.591,-15.216,-5.216,13.813,-1.293,0.005,-15.663,18.767,-0.959,-4.009,-3.777,3.105,-0.763,4.083,4.715,-0.973,3.258,24.028,-0.718,1.259,8.952,-9.046,-12.671,-3.127,-3.792,1.537,1.320,-8.377,2.620,-22.512,8.246,13.985,12.952,0.476,-13.091,4.913,-1.541,-1.078,-6.812,1.816,-2.940,-4.080,3.403,4.145,1.961,30.553,0.191,-3.905,4.159,9.798,-5.221,-18.952,4.600,1.508,-5.706,-10.201,-1.700,-27.148,-18.203,-5.560,23.834,-4.224,13.049,-0.867,2.571,-12.493,9.691,12.974,-5.124,-11.792,4.941,3.233,-2.099,9.275,-18.432,-16.875,9.884,17.549,-10.821,-29.320,8.154,28.986,3.970,9.529,-0.685,
-32.194,-193.030,-15.962,-3.312,-66.407,-198.886,-34.161,-11.736,-318.592,-171.300,-66.837,-23.593,-294.322,-179.087,-59.141,-19.937,26.063,-130.302,-43.652,68.248,378.152,236.268,-14.965,520.376,214.064,338.980,-1.057,517.850,-28.234,-200.967,-7.425,5.754,-2.926,-71.115,11.181,9.027,-65.846,-23.241,21.875,14.603,-85.860,41.386,25.199,19.522,-39.839,-52.047,-18.778,26.658,-53.132,2.871,-16.224,54.527,103.976,99.518,-1.993,87.972,13.017,322.699,58.375,27.741,7.282,227.895,48.720,9.798,-62.308,117.619,41.618,33.115,-167.014,66.654,35.227,5.041,-39.770,119.504,22.293,-4.459,-78.512,62.281,0.151,-44.853,-232.701,-253.187,-13.045,-317.655,5.143,112.111,22.559,5.685,8.518,39.429,10.323,2.323,-4.785,-8.116,3.424,17.348,-74.450,14.993,19.674,0.526,-40.994,116.429,22.479,-64.557,-69.432,161.466,6.554,19.162,-126.328,-52.871,-17.387,4.255,-16.412,-23.068,18.965,4.859,-1.401,-8.989,15.815,4.913,22.157,-12.687,-9.364,16.661,-3.275,-21.879,-0.587,0.282,-95.153,-34.533,-13.477,-51.972,-207.415,17.527,13.593,-51.410,191.422,57.655,13.860,115.035,-42.852,-44.700,-14.945,26.003,-20.037,-34.043,-12.657,22.767,59.134,-8.419,-12.928,16.912,44.124,-7.944,-12.219,8.946,-94.363,-1.355,-6.715,-4.288,-221.558,2.346,33.735,-20.740,150.131,50.884,118.510,4.373,-107.901,-157.984,-34.190,7.591,-84.306,-80.409,-68.582,63.623,28.097,20.961,-24.832,45.488,119.342,-34.812,-1.318,2.680,-67.050,-58.103,-62.805,-20.373,-88.872,27.532,17.898,-1.613,-12.759,113.645,137.801,1.225,
-52.337,-268.384,-29.870,-6.607,-82.822,-365.726,-91.886,-13.220,-764.762,-499.829,-142.730,-92.370,-713.693,-352.583,-96.611,-102.022,-148.806,-228.381,-69.949,-13.525,1076.282,112.627,-4.027,214.064,3317.098,1434.616,65.738,1310.417,29.348,-231.699,-53.583,22.245,33.470,-95.001,-66.403,63.486,10.007,56.798,0.817,76.743,-182.287,372.675,77.205,26.619,-93.917,177.982,48.399,21.864,-65.488,-296.433,-12.868,-128.730,1225.181,-127.732,53.147,-39.338,22.815,-28.582,-3.729,42.107,-61.767,165.728,3.754,46.633,-38.644,147.319,20.628,125.940,-160.393,154.911,42.930,41.578,-147.355,127.792,7.598,-30.441,-169.575,-143.915,-8.177,-201.914,-195.403,-913.872,-6.734,-976.257,-15.204,106.812,30.110,3.535,-67.644,79.719,-5.371,-3.147,0.186,113.338,-8.871,50.660,-57.276,-42.741,17.695,65.330,-151.868,16.555,54.588,-108.347,-168.165,206.776,6.422,-95.172,-238.133,-92.716,-57.241,-227.814,31.368,41.726,35.100,21.898,-36.823,111.511,53.614,-5.676,-51.998,153.698,7.842,22.597,149.818,49.926,65.088,36.643,-223.620,7.414,-9.984,-16.803,-512.695,33.029,-14.945,-32.293,246.220,184.572,-53.311,214.186,23.831,89.287,12.952,12.614,-101.978,-21.831,-40.447,62.783,-11.024,9.260,-26.216,4.064,224.376,30.072,24.704,6.739,-226.589,-17.075,-50.895,-2.252,-459.042,-25.794,-100.874,15.241,533.366,110.442,69.120,78.269,52.617,135.218,-10.473,149.309,13.945,-5.088,-25.593,34.985,-60.737,46.523,85.767,10.968,14.246,-165.594,51.606,-26.144,-355.496,-380.688,-185.414,-56.611,-112.539,134.842,14.149,-37.620,435.307,411.393,324.236,-2.566,
-59.434,-365.076,-27.149,-13.741,-141.795,-397.820,-72.942,-26.930,-621.095,-377.609,-103.087,-80.937,-431.006,-255.379,16.161,-76.246,-89.636,-303.426,-17.949,-4.379,430.744,301.606,-42.572,338.980,1434.616,1982.443,20.802,1321.291,-13.968,-164.391,-12.625,-14.265,8.198,-172.319,-18.800,17.890,-9.351,-53.015,3.703,-7.250,-92.906,116.011,31.385,-14.564,-121.834,107.392,7.917,-4.391,-183.187,-22.517,-16.870,-75.890,264.239,230.355,-2.421,-79.313,66.460,443.051,6.998,25.187,31.594,260.226,27.768,18.509,-25.986,153.863,49.926,12.697,-170.968,189.876,84.927,-15.462,-102.703,531.148,74.863,-16.895,-178.729,240.591,2.724,-96.889,-620.018,-774.040,-42.798,-876.396,4.503,203.807,11.487,8.174,52.806,121.603,1.000,-0.734,29.693,72.365,32.056,12.439,-111.197,17.261,130.949,-26.164,-108.233,267.338,56.771,-189.751,-102.809,423.335,-10.597,54.415,-276.852,-115.478,-57.591,-68.377,-5.915,143.724,47.579,7.333,-0.952,110.871,-25.133,4.478,38.531,2.157,-3.370,6.225,-6.592,-56.018,40.194,-15.535,-239.835,-140.625,-35.714,-159.255,-402.677,5.527,-15.358,-165.241,597.728,176.616,-33.741,202.298,22.809,221.338,24.729,34.031,-140.064,117.588,-36.120,48.204,36.714,58.572,-1.030,7.997,-74.349,5.982,-15.871,-7.094,-235.612,-26.055,-47.992,-30.949,-490.907,-2.624,15.034,-82.834,547.344,146.357,184.532,-3.451,-7.230,227.081,-21.854,37.022,-130.461,125.693,-46.230,-142.528,-99.122,-100.971,-137.052,-26.432,-182.574,-120.602,-120.910,-14.540,-238.781,-133.479,-74.827,-63.913,-134.354,184.232,198.300,-48.370,195.663,363.653,254.837,-9.312,
-1.624,-13.453,-0.070,-0.492,-13.018,-19.292,-1.444,-2.109,-24.722,-19.214,-3.698,-9.106,3.476,1.748,0.926,-3.530,3.506,8.891,3.078,-1.586,12.044,3.833,15.415,-1.057,65.738,20.802,13.781,25.623,-0.693,-29.772,5.359,-1.545,-5.402,-4.446,4.492,-1.139,-5.787,5.793,0.115,-2.257,7.160,0.658,3.498,-1.179,-2.701,19.628,6.042,0.559,-1.263,5.984,4.290,-4.105,13.276,-11.128,6.863,-15.043,1.907,-12.516,3.900,-1.184,-7.268,8.150,6.556,-0.992,-5.929,10.751,0.340,0.267,9.711,5.448,1.703,1.774,-2.125,16.333,1.940,0.443,-1.380,3.072,1.519,-1.786,-15.729,-22.960,3.193,-26.924,-0.143,-1.154,1.612,0.910,-8.225,1.612,6.142,-0.378,-12.780,4.126,5.265,-0.692,5.692,-5.638,1.292,2.069,-1.414,-3.982,-1.745,0.878,0.777,4.496,-1.019,-1.215,-4.843,1.831,-1.397,1.738,-6.048,1.346,14.093,-0.428,-2.086,2.655,16.304,-0.472,-0.173,6.343,5.170,0.515,8.811,-8.494,-1.712,1.985,1.980,-7.405,-2.589,2.128,-9.433,-2.899,-1.374,-0.851,4.157,4.038,-2.608,6.485,2.305,6.907,13.482,3.815,-7.165,-9.221,0.943,-1.206,4.692,-3.549,-0.549,-2.848,15.743,-0.517,1.178,-0.593,3.109,-2.655,-1.733,0.158,-4.642,-0.425,-5.096,1.643,5.613,0.112,0.228,-0.005,-1.556,1.996,-3.246,21.009,-7.043,13.420,-2.118,0.466,-11.849,12.434,10.025,-4.143,1.628,-1.422,6.622,-2.641,-6.892,-15.807,-4.850,-1.534,3.751,-1.589,-10.193,0.120,8.122,9.365,4.139,-0.240,
