106.067,373.944,18.640,15.480,95.244,204.768,31.890,16.680,-101.416,145.948,17.218,9.984,-140.156,73.922,-5.132,-11.454,-22.074,-36.084,-16.092,-0.296,-7.617,-72.966,-17.342,0.939,-3.499,-15.995,-2.594,-1.220,114.284,-76.481,-27.019,7.235,77.705,-97.750,-14.446,8.200,-15.883,-39.305,-19.680,-8.920,-45.263,-81.370,-37.634,-8.931,-7.523,-132.564,-13.828,0.815,7.250,-69.582,4.115,3.168,4.447,-3.995,9.058,3.885,97.105,-229.065,-11.146,-4.607,47.107,-52.035,-5.190,5.421,-90.911,77.862,-26.902,2.046,-30.480,48.685,-4.842,6.083,17.150,31.885,15.980,6.262,17.301,5.859,8.071,3.342,-2.343,-5.917,-4.276,0.986,72.870,100.806,11.869,11.435,-24.273,93.866,15.052,3.619,-59.688,24.608,26.109,-9.482,-18.475,-46.603,29.036,-16.749,15.834,-41.418,-22.386,0.558,13.345,-50.277,-37.111,3.536,-5.873,-33.120,-24.003,-1.266,26.312,55.612,8.372,6.822,35.081,32.369,30.948,-2.265,-2.244,-15.139,22.643,-9.624,-34.539,-55.394,-27.940,-8.268,-23.294,-53.913,-25.671,-10.316,-11.988,-25.629,-12.663,-4.462,-2.654,-11.209,-2.714,-2.921,68.672,33.343,0.855,4.314,65.828,24.437,-7.389,9.328,-18.430,1.844,-48.385,5.629,-35.024,2.749,-45.723,2.738,-20.963,18.349,-13.235,-3.044,-18.558,26.122,9.767,-14.147,8.474,51.898,19.242,-1.894,28.120,6.806,-3.194,5.913,-5.782,28.191,-15.302,35.356,-48.736,29.036,-18.874,4.834,-29.357,-3.866,0.206,-22.884,-5.782,-27.934,8.739,-4.763,6.328,-65.092,9.744,-1.355,-13.995,-139.978,-3.446,5.028,
373.944,3350.406,171.875,120.427,412.903,1825.552,252.721,106.764,-422.485,1115.833,181.725,164.826,-991.202,1005.704,30.854,17.086,-263.738,279.369,-42.524,-7.175,-39.399,-459.498,-102.051,3.451,-42.306,-175.789,-26.067,-5.481,273.370,203.244,-184.539,104.251,638.274,-371.220,-155.069,69.242,304.548,-296.058,-144.012,-28.515,-246.637,-644.275,-329.147,-63.875,-90.321,-1210.020,-273.871,-11.598,-38.692,-764.054,-91.423,-7.692,-57.938,-180.902,-11.156,-0.584,240.156,-2339.469,-200.665,-54.460,540.304,-705.954,-33.607,13.404,-297.133,312.349,-185.302,0.383,-236.314,270.904,-149.505,46.654,14.631,175.629,77.136,66.027,65.094,163.019,52.499,26.231,-9.141,73.527,-73.009,26.404,357.878,456.720,41.607,25.144,-147.544,590.566,40.246,38.314,-433.793,271.575,101.078,-64.662,-89.010,-188.351,201.059,-56.814,98.569,-66.941,-21.964,65.229,26.834,-133.118,-209.282,49.410,-13.503,-101.333,-123.277,7.631,76.333,157.997,-5.270,11.738,117.040,102.049,113.833,-17.454,31.175,-142.330,226.181,-81.523,-115.883,-343.915,-104.970,-11.160,-32.663,-332.197,-147.256,23.012,-58.890,-215.391,-82.925,-64.747,-50.732,-151.445,-38.593,-51.520,212.743,116.686,-35.751,8.745,420.051,125.027,5.696,47.862,58.743,6.599,-231.499,71.638,-179.536,-33.730,-296.176,71.650,-74.919,-12.549,-96.180,-4.736,-188.498,-56.240,0.404,-132.456,-40.117,-25.764,42.456,-66.065,28.390,-16.838,-19.398,-10.499,-51.252,27.910,-98.645,161.680,-216.899,28.003,-127.012,110.372,-195.210,-33.130,-52.197,18.595,-34.953,-143.662,-11.345,51.760,-42.564,-324.671,62.070,14.304,-95.660,-771.698,107.664,74.957,
18.640,171.875,33.922,2.700,41.123,115.133,34.451,6.062,-37.179,92.505,23.639,10.608,-89.152,84.668,9.906,1.620,-27.121,33.505,2.266,-1.961,-3.679,-26.544,-6.712,-1.741,-4.492,-9.202,-1.078,0.251,28.132,12.189,17.844,-0.277,44.855,-60.208,-0.225,2.782,31.266,-42.683,-10.069,-2.757,-9.798,-66.585,-25.038,-5.232,-8.955,-112.442,-15.577,-1.056,-5.107,-64.700,-6.132,0.674,-7.201,-18.056,-1.777,0.886,23.354,-149.835,-13.035,-3.198,49.332,-75.706,-11.605,-2.200,-0.518,-10.399,-23.953,-2.316,-6.799,12.067,-3.840,5.233,12.866,14.888,20.301,9.609,20.079,15.297,8.410,6.666,0.915,-26.459,-11.515,4.227,20.287,8.338,-0.277,3.504,4.738,9.515,-2.058,0.623,-19.369,-5.223,8.318,-12.774,-4.983,-19.172,18.725,-3.389,19.582,-8.894,-6.625,16.391,12.011,-30.819,-26.837,11.858,1.363,-44.294,-13.279,1.110,4.142,-0.352,-1.408,1.935,15.663,-3.489,2.574,0.479,6.132,-31.425,12.826,-8.327,-4.598,-34.200,-4.363,-7.340,-10.471,-31.700,-10.806,1.068,-6.158,-26.307,-7.202,-3.252,0.181,-10.324,2.040,-3.017,11.189,-0.926,-2.970,-1.285,19.387,-1.408,-7.516,0.220,12.868,-7.981,-25.151,2.930,-2.929,-6.059,-17.679,1.147,-10.594,-2.873,-1.090,-8.709,-18.366,-0.696,6.519,-12.272,4.625,23.301,12.080,-2.959,0.187,-6.273,-2.129,1.707,-16.479,-17.643,-9.323,2.104,-12.313,-33.507,-12.122,-7.719,-2.604,-43.807,-0.822,0.386,-1.226,-44.946,5.543,5.412,-2.766,-53.640,13.401,-1.170,9.497,-67.888,22.394,-1.207,
15.480,120.427,2.700,15.983,26.161,57.095,10.668,5.364,-16.975,36.908,5.845,13.335,-48.359,11.598,-5.177,3.764,-15.540,-29.129,-7.844,-0.639,-4.628,-28.159,-5.918,-0.128,-2.215,-8.732,-1.321,-0.914,8.943,-36.799,-10.118,17.476,27.663,-26.648,-4.386,3.530,5.499,-11.871,-5.719,-0.769,-17.513,-21.223,-12.184,-1.803,-3.536,-46.948,-3.485,-0.130,4.284,-26.680,1.940,-0.169,2.897,-10.032,-1.534,-0.120,24.324,-70.395,-3.559,-1.621,15.584,-18.105,3.367,0.035,-26.769,23.518,-2.606,-2.782,-9.741,20.047,-5.371,3.687,2.886,1.263,6.530,3.095,3.676,-4.322,11.320,-1.056,0.376,-8.405,-2.334,0.960,22.713,31.080,3.846,1.642,-5.359,30.687,7.493,0.039,-21.517,8.952,14.033,-7.577,-3.776,-10.481,8.975,-5.055,9.661,-18.831,-3.360,2.761,3.226,-22.668,-4.992,-1.052,-5.537,-17.284,-3.233,-0.223,5.892,14.985,1.091,1.662,7.959,6.264,11.260,-1.311,-4.364,-4.802,13.537,-3.116,-9.699,-23.414,-1.572,-3.551,0.831,-20.228,-4.034,-0.701,0.798,-12.260,-3.943,0.614,-4.458,-10.098,-3.324,-0.691,9.661,2.091,-1.733,0.574,19.377,-0.099,2.712,1.107,-2.305,-4.660,-5.470,1.872,-8.421,-5.505,-6.803,2.112,-8.572,-6.646,-3.727,-0.508,-7.373,-0.523,-0.815,-0.938,0.060,3.998,0.365,-1.439,0.852,-6.424,-0.852,-1.839,4.821,-3.493,-3.259,10.250,-6.229,9.427,-2.690,4.969,-8.445,10.162,0.462,-3.801,-2.940,-1.121,0.571,-2.010,-2.127,-6.525,-1.376,0.030,4.410,-10.277,-4.847,8.396,
95.244,412.903,41.123,26.161,858.327,217.601,127.338,60.127,536.091,340.989,-17.810,150.857,-812.201,255.960,-99.278,-49.565,-369.775,-10.024,-50.040,-35.529,-32.208,-154.888,-42.728,2.453,-32.100,-79.219,-11.597,-3.494,134.546,147.758,7.169,40.089,359.218,-453.490,2.527,49.854,137.413,-304.215,-83.253,-3.713,-286.602,134.088,-173.396,-25.612,-62.391,-287.510,-45.972,-19.004,11.462,-182.107,9.764,4.896,37.503,46.418,28.539,14.311,157.331,-325.612,-34.732,2.278,339.177,-246.341,-56.037,25.880,-62.311,74.460,-186.443,9.008,-168.460,254.208,-115.783,39.844,42.321,81.128,54.721,46.019,91.708,68.551,203.291,7.877,60.329,-50.242,89.854,16.855,122.914,49.310,7.456,17.150,77.831,90.191,-3.183,-11.815,-125.216,59.876,57.509,-71.298,-13.327,1.430,79.094,-20.215,90.335,-162.643,-26.087,52.026,144.606,-334.123,-15.541,27.986,-45.629,-409.564,-52.789,-8.665,16.772,20.643,-11.690,15.736,47.134,-21.865,49.711,-1.447,-21.890,-111.537,177.571,-43.875,-30.922,-237.882,98.612,-41.283,146.155,-256.996,-41.495,31.278,181.405,-256.260,-71.476,49.099,-18.385,-156.817,-56.191,-7.402,6.030,-16.457,-14.286,-10.091,76.353,-23.067,25.031,-6.572,29.510,-65.525,13.564,1.897,-12.365,-97.156,-22.544,-0.575,78.016,-84.316,-7.237,7.079,55.979,-63.761,-5.131,12.364,-8.992,-1.182,-20.011,-9.038,-19.814,-3.666,8.587,-3.497,-51.560,-104.340,-15.928,31.946,-55.922,-118.785,-27.723,69.789,-28.864,-37.712,-7.310,1.125,5.610,-38.173,1.289,-16.736,10.957,-98.502,6.902,-6.787,30.448,-145.963,14.462,24.317,
204.768,1825.552,115.133,57.095,217.601,1270.411,155.984,57.507,-269.701,807.577,115.755,82.597,-556.285,661.846,40.906,8.275,-118.988,342.677,-39.834,7.367,-20.440,-247.989,-80.845,1.109,-40.059,-136.979,-21.567,-4.571,151.754,-59.522,-92.528,38.040,339.610,-188.064,-79.175,31.288,220.805,-160.077,-73.330,-13.085,-80.681,-462.441,-194.810,-43.488,-61.982,-852.175,-204.061,-12.378,-39.090,-524.978,-83.710,-9.153,-42.096,-145.545,-18.677,-2.353,123.982,-1532.013,-135.285,-40.198,261.971,-496.506,-47.639,2.606,-137.607,155.517,-140.375,13.201,-117.383,130.139,-102.468,44.350,21.149,118.177,75.285,43.209,58.784,149.685,47.338,21.255,3.821,-2.376,-67.554,10.566,209.715,339.705,36.006,12.438,-137.812,379.960,-1.025,20.195,-247.858,149.772,30.974,-18.101,-56.066,-134.817,116.875,-23.056,82.221,-24.911,5.042,40.069,30.033,-125.208,-157.926,36.213,-11.298,-190.350,-108.324,-0.073,73.876,183.526,28.197,5.308,85.963,143.006,109.440,-17.449,28.777,-34.375,111.443,-54.082,-33.093,-219.305,-128.519,-3.062,-4.560,-252.911,-118.073,-4.287,-71.175,-201.835,-70.385,-93.691,-42.502,-154.741,-22.560,-60.128,283.767,261.129,56.263,18.481,229.720,159.236,21.923,29.470,-45.738,25.552,-233.879,37.008,-102.113,-29.115,-237.768,40.119,-44.377,-20.762,-53.224,-25.892,-147.672,-88.674,6.903,-118.372,-51.914,-71.027,27.113,-66.848,210.504,323.866,9.776,89.423,-107.224,305.746,-75.179,103.404,-244.968,197.343,-107.744,-27.947,-148.793,-3.929,-38.216,-28.709,-25.176,-91.540,-7.730,31.718,-42.472,-187.479,41.268,0.164,-0.464,-387.566,103.333,9.104,
31.890,252.721,34.451,10.668,127.338,155.984,97.714,8.560,-7.981,182.312,71.684,26.243,-243.528,205.919,14.386,3.006,-81.068,60.834,9.943,-7.806,-7.480,-53.876,-12.120,-6.807,-6.754,-3.978,-0.217,1.346,52.249,6.294,24.611,6.315,115.974,-159.583,27.188,10.455,51.576,-113.517,-7.371,-6.469,-54.637,-102.895,-55.934,-11.156,-20.058,-244.476,-36.502,-8.588,-12.433,-133.793,-12.060,-0.460,-9.847,-14.495,1.946,0.623,53.828,-235.556,-11.865,-4.208,117.148,-133.426,-17.414,4.787,-30.668,18.436,-59.174,4.778,-38.823,60.808,-30.890,16.859,20.727,22.759,27.866,17.412,35.762,39.628,54.962,7.738,12.694,-10.660,4.912,1.236,57.315,40.010,5.370,5.083,5.799,22.046,-0.569,-0.016,-72.187,4.734,18.271,-21.360,-8.730,-10.114,31.048,-2.349,48.928,-37.291,-6.728,25.048,54.360,-99.698,-11.136,9.662,-7.388,-109.418,-18.840,-6.369,15.389,32.967,0.145,3.523,29.371,-25.703,9.185,-0.864,-13.056,-78.195,30.437,-17.104,-9.435,-91.376,11.267,-18.358,27.331,-80.362,-8.027,-6.325,30.725,-78.595,-15.184,-11.628,-11.519,-42.593,-5.415,-12.348,-2.442,-14.849,-12.371,-1.073,23.849,-28.720,-25.637,2.770,32.420,-38.227,-43.346,8.847,25.394,-20.607,-15.687,6.583,8.881,-11.580,4.233,-12.310,-9.515,-13.304,14.770,-15.360,6.383,40.966,29.032,-9.448,-34.785,-45.751,-5.531,-9.664,-39.667,-90.798,-18.421,-13.455,-3.236,-138.762,-18.548,-0.494,15.410,-113.835,0.877,24.921,4.334,-79.503,11.596,18.673,-0.073,-108.202,29.898,1.609,2.693,-171.137,36.067,1.664,
16.680,106.764,6.062,5.364,60.127,57.507,8.560,14.865,-13.634,42.225,-0.127,18.841,-65.446,38.399,1.060,-4.638,-16.925,10.557,-1.704,-1.379,-4.105,-11.802,-4.306,1.570,-2.053,-10.256,-1.400,0.115,10.404,-18.594,-7.644,5.098,37.570,-42.388,-4.129,6.949,10.235,-21.012,-7.964,-1.077,-22.513,-16.746,-16.868,-2.962,-5.488,-46.757,-6.988,-1.438,0.101,-21.502,1.241,0.246,1.584,-2.740,0.114,1.541,21.072,-71.857,-4.030,-0.855,29.285,-25.452,0.560,1.785,-21.519,14.405,-11.215,-1.406,-15.746,19.249,-9.152,1.024,4.238,11.451,8.221,1.041,8.191,8.262,16.064,0.488,2.777,-7.448,-4.132,3.488,17.659,25.388,2.978,1.378,0.303,27.191,3.390,1.490,-13.719,11.862,11.370,-6.564,-2.510,-8.117,13.657,-6.477,3.612,-12.965,-2.612,3.134,11.070,-27.684,-10.210,8.047,-2.460,-23.652,-12.019,1.569,3.650,15.735,1.823,1.164,4.914,14.566,11.569,0.140,4.527,0.254,21.663,-4.092,-4.202,-23.902,-1.271,-3.772,-6.976,-15.746,-9.192,3.906,10.999,-7.779,-7.801,10.615,3.478,-5.509,-4.441,1.654,14.505,9.301,1.547,-0.047,17.503,8.072,6.598,1.273,-1.831,-2.725,-8.741,1.133,-8.929,-12.598,-15.363,-0.144,-9.715,-12.349,-6.573,-1.460,-3.524,1.058,-2.126,-1.003,0.583,1.765,-3.319,0.281,11.275,14.875,0.281,3.551,-5.573,10.449,-4.470,11.135,-13.733,10.560,-6.656,6.872,-8.675,11.391,-2.585,-6.230,-1.699,0.777,1.186,-4.242,-1.479,-6.527,1.463,-1.593,2.642,0.148,1.818,6.645,
-101.416,-422.485,-37.179,-16.975,536.091,-269.701,-7.981,-13.634,2433.341,-77.673,-81.979,137.758,-81.732,-290.627,-425.614,-46.978,-1018.513,-376.209,-290.952,-148.360,-153.157,-327.629,-97.935,-45.478,-74.615,-175.128,-21.899,-20.300,-48.063,764.835,9.515,7.218,91.887,117.181,-15.161,17.564,420.496,-260.586,-84.896,57.912,-167.731,903.271,-218.420,18.683,-93.513,515.073,-41.029,-29.898,21.487,-89.356,-26.840,-14.246,0.223,-75.431,-21.603,-11.515,-124.934,273.299,-44.603,10.930,103.153,-85.036,-125.494,44.223,284.160,-108.231,-250.484,67.896,-137.389,192.909,-214.093,18.346,-3.064,36.134,49.222,10.340,35.974,-41.049,190.727,-24.045,36.676,-113.722,94.460,-18.268,-116.186,-153.881,-14.876,-10.448,-33.691,-94.512,-85.810,-17.117,-85.101,123.594,-134.013,48.102,43.290,253.787,23.388,55.182,72.370,-17.522,138.422,22.524,60.845,-308.898,66.438,-10.780,-15.542,-412.998,-8.848,-19.492,-79.538,-127.835,-64.897,-10.311,-80.748,-200.108,-32.274,-19.372,-77.720,-129.064,231.206,-47.857,26.016,-133.718,211.463,-26.319,301.880,-222.599,-18.737,70.578,225.852,-341.188,-41.183,-24.782,-10.317,-165.702,-37.988,-48.011,-195.166,-162.815,-47.494,-28.697,47.883,-12.856,170.409,2.799,29.522,-27.428,250.170,-4.219,-86.438,-111.449,27.064,-23.935,178.727,-97.747,19.701,27.987,197.529,-151.083,-33.947,3.742,-51.226,-209.489,-80.042,-58.557,-139.331,-145.878,23.071,-49.716,143.965,-111.485,63.138,59.676,-47.492,128.350,39.194,189.789,-199.886,199.108,-15.291,9.521,11.016,31.961,-34.255,-23.173,39.825,116.790,-104.960,2.475,85.915,94.265,-43.037,8.749,
145.948,1115.833,92.505,36.908,340.989,807.577,182.312,42.225,-77.673,888.778,100.510,60.942,-564.305,753.808,9.640,-14.001,-177.422,296.143,-34.412,-0.633,-9.466,-187.513,-64.950,-2.663,-28.631,-90.586,-13.181,-2.847,137.673,-79.277,-31.317,16.705,319.494,-367.080,-15.871,21.788,170.265,-197.659,-76.908,-20.819,-72.796,-320.725,-204.378,-34.392,-38.449,-784.220,-144.391,-24.159,-15.050,-444.839,-40.875,-7.884,-13.758,-71.742,9.730,0.908,124.392,-1042.525,-103.427,-24.451,269.578,-396.919,-70.577,2.455,-138.676,145.835,-178.850,-6.838,-92.673,161.487,-84.312,46.985,66.310,90.690,93.230,44.362,106.128,135.447,132.258,25.330,33.451,-54.898,-21.615,3.894,144.579,185.060,11.928,13.859,-53.178,255.869,-9.693,7.093,-217.091,121.062,41.256,-56.562,-26.666,-66.413,115.415,-24.862,119.089,-51.989,12.533,45.331,105.473,-200.837,-106.333,36.010,-17.896,-359.565,-122.040,-13.180,66.944,125.658,22.748,1.802,88.832,74.064,88.768,-3.529,-11.223,-53.187,78.936,-49.708,0.435,-194.696,-73.110,-34.396,54.873,-238.910,-91.058,-19.609,-23.093,-231.218,-68.718,-85.378,-46.412,-162.537,-21.917,-62.333,232.517,188.788,44.741,11.423,155.654,67.843,-5.176,14.547,-25.008,-29.843,-207.861,25.104,-19.224,-59.615,-181.400,24.088,8.475,-42.685,-24.941,-36.639,-118.443,-85.851,29.414,-98.635,-42.554,6.054,53.171,-61.112,162.118,259.306,8.857,69.448,-94.110,227.517,-52.700,50.089,-224.378,114.174,-84.335,-69.056,-104.950,-102.306,-17.204,-12.628,-0.848,-171.902,17.321,41.447,-24.559,-236.374,44.382,-2.503,12.955,-395.581,83.602,16.869,
17.218,181.725,23.639,5.845,-17.810,115.755,71.684,-0.127,-81.979,100.510,141.555,0.353,-86.408,173.285,86.367,14.975,-50.426,65.055,2.694,-3.255,-29.829,-41.761,-20.056,-12.530,-13.320,-14.546,-1.228,0.485,31.748,14.789,26.972,-3.233,68.066,-57.647,34.747,4.860,38.088,-73.633,30.514,-3.979,-35.165,-82.563,-21.765,-4.938,-19.055,-166.370,-39.255,-7.628,-11.529,-114.917,-26.155,-1.887,-21.479,-63.978,-12.227,-4.831,37.654,-195.552,-0.224,-8.015,79.393,-104.828,-0.167,5.889,-45.857,17.973,-28.297,8.206,-48.949,42.800,-29.913,15.789,4.727,10.922,0.318,17.275,17.273,11.524,12.404,8.016,-1.852,-29.281,-7.354,-2.089,47.281,43.938,5.528,0.571,6.082,19.838,7.153,2.257,-90.185,19.927,17.540,-2.318,-29.488,38.656,28.803,6.289,28.938,26.106,-0.186,26.230,37.761,-54.397,15.213,3.458,-8.432,-89.128,-4.990,-2.395,11.070,26.270,-1.858,-0.165,26.396,-27.589,4.557,-4.116,-20.473,-56.147,27.021,-12.938,-25.037,-38.778,23.964,-13.251,19.095,-31.411,7.921,-10.882,31.992,-77.674,-0.479,-23.069,-16.569,-61.919,0.795,-14.395,-25.589,-30.948,-12.831,-1.246,13.315,-22.880,-18.866,9.648,24.495,-15.104,-22.423,16.030,6.471,-3.704,3.355,6.369,14.401,-7.645,2.837,-9.103,9.995,-9.974,11.303,-15.084,-0.625,47.806,40.369,-12.914,-49.124,-61.778,-4.929,-15.077,-31.240,-99.998,-12.023,-5.912,6.437,-132.573,-8.888,9.409,6.285,-98.024,2.817,23.197,-1.982,-76.090,12.926,16.718,-2.444,-109.312,45.096,1.697,-16.786,-128.610,54.172,-2.057,
9.984,164.826,10.608,13.335,150.857,82.597,26.243,18.841,137.758,60.942,0.353,101.818,-202.050,48.369,-36.557,49.010,-138.795,-6.127,-30.316,-11.225,-24.495,-49.790,-19.056,-2.209,-9.478,-21.318,-2.469,0.992,-6.809,24.674,-0.924,19.375,73.206,-63.803,-4.844,10.537,65.777,-72.561,-9.709,4.194,-45.178,16.889,-37.576,-1.859,-18.930,-86.253,-19.338,-5.697,1.431,-88.681,-2.229,-2.111,-1.589,-25.010,0.513,2.950,6.421,-154.506,-8.460,-1.189,65.158,-83.631,-2.082,0.059,1.727,-8.774,-18.154,-9.098,-23.406,40.196,-21.517,4.218,10.665,13.763,20.657,8.735,27.049,-17.016,48.223,2.315,-3.670,-63.097,1.226,8.021,31.069,35.299,11.329,3.229,16.129,45.395,20.093,-2.426,-30.260,29.456,34.571,-21.577,-7.438,12.040,38.709,-10.903,22.343,-35.769,9.692,17.769,22.276,-109.076,-13.454,11.836,-19.046,-109.977,-17.190,0.327,8.813,28.601,7.347,4.020,11.363,35.168,26.840,1.125,-8.890,-7.775,53.908,-11.829,-8.204,-70.701,30.633,-7.137,28.233,-81.175,-2.658,15.511,27.040,-65.004,-20.215,14.955,-0.816,-15.040,-6.082,6.869,8.007,6.504,2.920,2.353,19.769,-1.693,12.240,2.070,-5.972,-25.191,9.201,-0.656,-10.293,-30.851,14.167,-4.556,8.444,-31.959,10.374,0.317,14.671,-18.068,-5.277,3.000,-4.061,10.789,0.313,-0.409,0.680,-7.652,-0.202,10.142,-19.587,-18.953,-5.458,13.054,-7.280,-19.013,-3.980,23.691,-9.884,20.024,-0.317,0.576,4.131,-5.555,13.365,-10.524,10.083,-41.717,11.419,-5.599,-11.441,-91.854,25.603,18.714,
-140.156,-991.202,-89.152,-48.359,-812.201,-556.285,-243.528,-65.446,-81.732,-564.305,-86.408,-202.050,1880.759,-635.265,-16.495,-11.307,329.845,-399.937,-201.084,-24.998,-187.628,58.661,-34.670,-14.134,-2.893,-2.626,-1.007,1.858,-171.101,9.712,-14.079,-67.500,-488.946,625.887,-34.660,-64.056,-116.440,385.209,106.530,10.883,419.370,129.720,161.071,55.788,71.798,872.310,19.008,27.076,23.007,492.499,-6.602,0.769,-0.967,-54.477,-42.620,-12.760,-216.464,749.303,35.874,2.538,-436.903,412.949,34.670,-32.305,198.401,-71.662,201.933,-14.327,180.420,-263.680,71.445,-39.095,-55.039,-90.738,-122.829,-62.459,-110.985,-55.237,-231.584,-34.756,-59.629,50.611,-26.404,-23.375,-264.428,-272.706,-47.080,-27.963,-32.581,-172.618,-31.582,-5.028,216.179,29.902,-122.694,105.232,67.142,163.832,-148.527,49.742,-136.349,201.667,41.863,-92.777,-199.436,377.037,110.284,-54.283,-3.582,346.499,91.251,8.132,-87.760,-143.050,0.953,-24.694,-137.076,-26.618,-85.195,-5.002,-21.956,189.197,-193.036,47.309,85.669,329.145,-47.134,28.767,-65.637,342.091,73.589,-53.117,-176.030,259.788,60.938,-4.997,-21.897,59.348,4.201,35.688,-97.291,-6.765,37.328,7.972,-137.195,43.504,16.879,-20.152,-65.015,128.406,82.008,-29.653,1.127,139.854,83.987,-13.511,-34.898,44.767,24.643,16.608,0.695,45.742,-32.861,50.096,-12.178,-63.219,-80.715,39.427,51.533,62.186,7.491,8.176,114.738,139.824,43.067,-18.310,64.293,281.067,48.410,-33.949,-58.705,222.586,-2.391,-56.602,-19.304,96.595,-28.919,37.515,-0.375,246.783,-86.480,37.572,70.975,621.579,-160.630,-39.152,
73.922,1005.704,84.668,11.598,255.960,661.846,205.919,38.399,-290.627,753.808,173.285,48.369,-635.265,1343.559,142.902,8.750,-114.252,907.640,72.355,42.554,58.186,-48.439,-30.876,10.961,-18.372,-78.935,-9.901,-1.932,74.485,2.851,17.727,-2.742,345.288,-382.618,47.506,34.453,99.771,-250.257,-13.738,-40.120,-163.987,-422.632,-200.312,-38.712,-54.001,-818.636,-176.857,-22.320,-51.238,-447.528,-57.573,-11.029,-33.059,-20.663,31.948,4.751,116.843,-919.671,-39.341,-21.928,319.399,-347.256,-24.131,4.195,-170.922,151.008,-199.286,7.151,-131.335,168.080,-118.122,49.966,25.842,69.414,65.449,55.651,81.455,159.187,197.263,23.708,49.791,54.406,54.053,9.251,201.594,240.369,28.943,14.460,-59.560,232.858,-9.560,7.358,-237.796,132.907,42.348,-75.931,-19.501,6.035,54.025,-15.859,123.756,-28.072,22.901,67.573,121.829,-192.412,-12.094,29.233,-26.308,-336.126,-70.183,-15.562,51.892,137.567,8.160,8.306,71.254,58.213,52.083,2.377,-9.020,-62.832,91.004,-53.068,-8.230,-148.900,-36.250,-32.847,87.618,-132.630,-84.736,5.450,46.738,-192.142,-47.948,-60.715,-69.626,-187.287,-53.794,-57.450,88.446,80.615,8.761,6.600,158.305,26.466,-35.899,3.830,62.051,-11.889,-140.355,30.865,-8.120,-41.820,-131.090,31.881,14.290,-0.830,-22.442,-35.713,-103.339,-53.370,12.686,-83.997,-62.497,16.365,54.482,-48.048,41.339,106.868,1.943,22.538,-13.542,98.604,-40.353,16.840,-116.292,27.997,-66.453,-20.774,-82.391,-50.062,-26.729,10.888,-0.508,-106.072,16.257,18.105,-42.040,-241.120,82.474,-2.336,-9.535,-470.838,143.680,31.808,
-5.132,30.854,9.906,-5.177,-99.278,40.906,14.386,1.060,-425.614,9.640,86.367,-36.557,-16.495,142.902,248.114,-19.427,199.099,191.662,129.376,18.677,17.959,63.613,8.191,0.510,3.190,22.678,3.139,4.669,-18.256,-60.033,29.683,-13.757,-23.737,-10.360,18.849,0.549,-20.719,19.049,50.023,-5.636,44.619,-183.045,72.327,-0.323,0.175,-141.354,-1.647,-0.788,-18.060,-46.181,-21.099,-0.060,-22.730,-59.362,-14.671,-4.377,-8.311,-80.845,17.780,-8.491,6.187,-42.987,23.058,-6.196,-13.829,-19.336,46.398,-8.128,-11.545,-33.048,35.799,-3.796,-1.190,12.098,-14.390,12.235,8.868,6.251,-61.493,21.333,-21.478,-54.621,-47.205,1.552,16.849,-9.778,0.736,-3.217,41.810,-45.271,4.820,0.923,10.980,-43.694,29.882,-10.399,-28.952,-2.103,28.315,-2.038,0.173,51.970,-8.640,7.298,23.277,41.736,2.203,1.640,1.201,-25.646,-13.051,3.259,16.517,7.184,1.478,0.168,39.871,-6.470,-17.715,2.848,25.672,-6.884,-31.441,6.501,2.188,47.730,-12.238,7.053,-54.402,61.899,22.335,-18.791,-30.836,30.272,14.105,-4.434,7.853,-6.043,26.563,-1.659,-18.031,-29.827,-17.743,-0.535,5.454,-33.103,-47.681,6.925,38.798,0.373,-37.440,19.441,16.522,15.987,3.163,10.078,-23.163,-22.241,-0.906,-10.710,-36.548,-7.771,22.898,-5.132,-0.450,23.599,66.371,-2.154,-56.640,-59.846,-9.715,-19.519,-33.878,-108.881,-14.643,-20.905,26.281,-178.240,-11.020,18.383,42.110,-109.324,-3.895,35.493,0.917,-53.559,14.340,24.957,-7.634,-112.352,64.737,8.726,-27.290,-180.054,93.878,-16.614,
-11.454,17.086,1.620,3.764,-49.565,8.275,3.006,-4.638,-46.978,-14.001,14.975,49.010,-11.307,8.750,-19.427,129.505,-53.330,-15.471,-33.406,42.091,-32.186,3.273,-12.670,1.007,1.201,15.482,1.337,5.027,-25.388,-17.370,10.520,8.235,-6.887,35.687,0.617,-1.563,-11.164,-10.995,15.325,0.019,0.391,-58.945,14.562,6.001,0.356,-41.018,-2.474,5.037,6.132,-39.568,-4.328,-0.827,1.525,-15.394,-1.697,3.768,-21.346,-55.090,3.236,1.497,-10.955,-7.701,5.637,-3.549,-17.919,-25.160,18.966,-5.692,26.349,-25.479,16.626,0.294,5.781,-22.962,4.101,0.453,2.522,-20.455,6.435,-1.185,8.712,28.915,15.332,7.980,12.635,25.653,11.693,1.612,-2.916,-1.759,17.224,3.713,-13.119,-1.316,21.215,-3.731,-12.318,18.010,12.018,-7.213,-1.407,4.257,-0.481,9.299,5.530,-34.668,1.038,6.138,-4.185,-10.101,16.620,0.308,6.908,26.474,12.192,2.699,3.111,44.526,19.658,6.334,-17.780,20.536,14.984,-1.122,-34.272,-20.633,20.450,-4.412,-10.496,-19.614,4.226,-4.386,19.498,-16.893,-10.449,4.238,0.670,-5.678,-4.791,11.532,2.465,15.460,15.699,6.590,-16.365,5.876,13.697,-1.450,-29.902,-9.668,20.061,-6.370,-18.393,-1.342,44.569,-6.606,-4.374,11.577,19.940,-2.966,21.317,24.911,-3.551,2.506,6.350,51.288,3.111,6.082,27.974,17.069,2.633,14.750,-0.810,33.472,8.204,10.982,3.145,35.653,17.017,-10.103,-6.585,42.061,13.799,-25.703,-1.029,1.103,23.044,-14.189,5.577,-37.964,20.550,-2.745,0.791,-57.891,-3.958,9.967,
-22.074,-263.738,-27.121,-15.540,-369.775,-118.988,-81.068,-16.925,-1018.513,-177.422,-50.426,-138.795,329.845,-114.252,199.099,-53.330,804.680,46.271,159.410,64.004,99.466,170.040,58.144,18.133,37.736,118.127,11.670,9.833,-54.930,-337.776,-19.791,-17.462,-189.165,121.796,-10.876,-23.172,-245.486,264.234,37.327,-18.512,178.652,-335.755,176.848,1.731,98.291,-37.513,47.117,24.701,-23.348,192.976,7.540,2.810,13.021,103.830,7.399,-0.297,-41.623,210.351,29.336,-1.273,-180.005,165.732,51.408,-31.910,-23.193,13.860,136.888,-37.820,146.918,-171.065,137.374,-24.745,-10.567,-43.943,-60.569,-16.617,-61.643,38.671,-168.880,5.128,-19.264,63.889,-67.925,-5.961,-41.706,-35.522,-12.189,-9.127,36.171,-85.385,-0.241,1.072,192.181,-168.201,18.518,-1.268,27.550,-141.020,-47.565,-13.232,-97.686,7.551,-15.474,-45.604,-106.438,258.774,16.457,-26.833,12.164,352.586,17.946,11.314,13.747,-9.650,14.068,-4.288,17.315,39.135,-40.341,10.119,56.233,109.215,-189.050,67.618,25.187,189.512,-126.502,54.396,-142.841,211.504,58.728,-33.829,-145.542,230.042,68.598,-12.599,1.356,97.924,34.886,7.382,39.652,32.397,9.289,1.250,-71.873,-23.970,-90.819,-15.864,7.209,39.606,-92.113,-8.845,87.781,102.903,21.707,16.578,-54.896,86.490,-12.608,22.377,-61.655,70.390,-3.701,41.342,3.850,-73.960,1.148,15.382,58.872,57.201,-10.578,-3.887,-11.819,72.698,-17.444,-99.109,112.252,-42.639,1.982,-122.098,138.313,-51.261,-4.627,5.017,0.436,96.973,-40.687,18.940,-13.771,131.432,-21.211,14.483,5.367,216.192,-35.049,-19.031,
-36.084,279.369,33.505,-29.129,-10.024,342.677,60.834,10.557,-376.209,296.143,65.055,-6.127,-399.937,907.640,191.662,-15.471,46.271,1788.691,289.563,15.745,286.155,869.273,129.595,38.711,71.181,141.763,14.805,24.488,-57.906,-137.547,42.386,-56.504,65.098,-101.419,84.732,-0.055,46.754,-116.991,62.595,-11.987,-64.165,-330.734,15.826,-35.932,-66.230,-236.092,-39.986,-31.465,-45.415,-60.288,-2.748,-2.891,-23.431,63.356,34.343,11.147,5.469,-289.278,26.961,-28.147,22.210,-145.135,22.064,-14.590,1.884,-44.222,-50.714,-6.286,-17.038,-63.511,-54.047,16.943,-48.433,-55.265,37.929,15.348,13.638,103.823,157.176,19.408,54.972,146.900,73.781,21.678,129.870,182.439,42.922,1.794,-22.755,100.476,6.504,-13.170,-52.920,95.882,4.732,-40.660,-15.917,111.861,-24.213,11.722,31.735,46.033,21.916,48.798,27.537,-83.407,11.417,18.314,18.017,-196.582,-6.269,-2.451,61.763,121.746,37.142,9.150,66.216,174.961,94.991,-3.928,20.333,119.408,80.935,-33.226,7.563,17.268,-32.235,5.733,14.747,-3.116,-69.127,54.217,51.282,-59.103,-46.625,-9.209,-48.507,-105.622,-28.646,-19.138,200.653,181.261,77.689,20.503,70.028,130.274,70.201,2.582,-76.317,4.983,-102.360,-7.890,-53.642,-75.075,-107.136,3.882,-14.562,8.394,2.219,-41.513,-82.074,-39.274,13.000,-54.207,-59.904,37.951,14.727,-18.617,219.936,292.615,26.792,104.200,-3.383,425.848,-5.029,101.635,-194.626,337.436,-49.074,-101.365,-58.179,105.943,-12.168,-65.242,-1.875,-14.417,56.414,-24.342,-48.674,-147.843,122.680,-22.939,-29.198,-411.843,155.569,-11.157,
-16.092,-42.524,2.266,-7.844,-50.040,-39.834,9.943,-1.704,-290.952,-34.412,2.694,-30.316,-201.084,72.355,129.376,-33.406,159.410,289.563,249.061,2.017,132.418,233.920,97.658,11.691,34.957,95.773,13.438,7.313,-36.075,-63.452,30.724,-13.254,-24.001,-38.238,31.279,-0.335,-41.048,12.098,23.099,-4.002,4.244,-132.086,80.594,-6.554,1.485,-108.599,68.045,-3.370,-19.727,10.197,27.954,3.678,-2.268,37.410,8.689,1.195,-9.133,84.530,26.155,-3.020,-26.133,15.616,25.950,-8.513,-0.441,-11.680,50.121,-5.352,24.851,-20.130,48.495,-1.631,-6.751,0.316,10.269,9.796,7.835,3.181,-20.452,15.790,2.092,-15.686,-25.912,-2.581,0.889,-4.085,0.198,-4.313,10.593,-33.685,6.549,-5.957,39.130,-48.462,27.627,-18.294,-3.696,-44.792,17.938,2.150,4.890,-1.302,-19.360,12.853,17.313,37.754,-23.761,9.245,-0.087,20.717,-17.722,-5.509,5.544,-5.144,4.140,-3.019,14.833,-8.703,0.177,-1.429,28.365,1.304,-0.574,6.954,1.520,40.603,2.135,5.291,-37.615,47.456,6.440,5.394,-13.351,61.273,3.389,13.422,-0.373,50.817,10.946,2.402,21.895,-16.231,-2.847,-0.617,9.130,2.540,4.898,4.172,12.799,0.836,-11.240,5.826,-5.383,-10.086,-19.507,-1.243,-24.368,-0.398,-4.516,-18.044,-45.705,6.125,21.457,-9.800,15.115,42.529,49.595,3.820,8.539,-11.642,-1.591,0.732,-2.425,22.969,0.982,7.995,-6.953,-21.771,-7.132,-15.684,27.877,-45.510,3.737,9.098,-0.667,-21.855,13.930,4.910,-2.385,-76.285,49.158,0.629,-3.919,-250.652,66.030,-17.072,
-0.296,-7.175,-1.961,-0.639,-35.529,7.367,-7.806,-1.379,-148.360,-0.633,-3.255,-11.225,-24.998,42.554,18.677,42.091,64.004,15.745,2.017,74.455,-0.143,5.722,-1.166,21.685,2.070,6.857,0.562,3.232,2.202,-45.795,-5.627,4.166,-15.399,24.392,-6.130,0.445,-52.910,50.377,2.652,-1.799,-7.857,-45.892,19.532,1.460,16.343,-54.208,3.044,13.650,0.057,-22.877,-9.912,5.998,-4.243,-4.455,-5.006,2.409,-2.915,-39.515,1.269,1.198,-15.954,11.211,4.961,-2.395,-44.971,15.277,11.903,1.411,15.594,-15.817,19.829,2.156,5.401,-24.449,-3.423,-0.748,-7.023,0.170,-6.715,0.462,11.602,54.076,4.693,4.595,13.108,11.773,2.905,1.262,-9.349,0.535,4.020,3.043,-11.098,-2.610,11.765,-4.054,0.188,-17.117,-6.014,0.383,-8.915,-4.178,-8.897,-6.041,-0.666,15.130,12.120,-3.163,0.582,35.900,9.974,-0.055,11.197,25.268,5.447,3.615,5.359,43.050,9.799,4.766,-7.416,29.308,-3.754,3.866,-9.785,9.628,-15.987,-0.077,-12.756,4.778,-6.405,-14.140,-0.214,-0.093,-1.876,-2.998,-5.509,-12.476,-7.567,-2.794,15.228,30.282,14.292,2.380,-12.920,18.958,8.588,-1.665,-24.640,13.631,7.595,-2.230,-5.693,17.631,8.768,0.603,-8.368,11.056,-2.754,-1.002,-10.761,6.174,-6.541,-2.355,-14.269,-16.006,-11.113,-1.102,31.391,56.150,3.663,15.582,3.196,66.132,5.090,6.479,-12.787,61.151,12.033,-9.448,-12.457,35.557,8.822,-17.086,-3.879,18.624,1.535,-7.818,-9.717,13.196,-3.946,1.720,3.881,66.594,-18.189,8.996,
-7.617,-39.399,-3.679,-4.628,-32.208,-20.440,-7.480,-4.105,-153.157,-9.466,-29.829,-24.495,-187.628,58.186,17.959,-32.186,99.466,286.155,132.418,-0.143,217.294,237.535,82.748,15.853,47.796,60.651,10.525,2.104,-16.534,-50.128,13.184,-11.540,-28.128,-11.330,26.214,-7.020,-19.443,54.362,3.746,1.347,-8.813,-64.131,38.048,-9.277,12.257,-91.549,52.855,-5.676,11.958,-23.556,27.628,2.034,4.303,38.193,16.795,-0.448,-5.127,105.830,22.347,-2.596,-54.485,9.791,11.820,-13.238,48.295,-6.508,34.519,-5.611,36.759,-28.394,34.075,-2.252,-5.576,-51.723,9.301,4.632,-2.908,-24.997,28.626,2.682,3.621,49.702,7.604,-4.202,-1.705,30.730,6.424,-1.161,-8.853,-48.863,3.031,-13.910,72.739,-64.965,8.182,-17.510,13.585,-60.333,-14.451,0.321,-2.648,-43.088,12.511,4.579,2.680,-4.023,19.065,1.010,16.434,34.036,4.014,-2.138,0.448,-22.973,-8.241,0.658,3.918,-23.177,-15.475,-1.029,42.813,-7.236,-26.148,7.250,23.371,23.985,1.483,9.752,-11.327,30.901,16.776,3.957,-5.206,53.402,16.891,4.061,9.328,30.876,7.218,6.227,1.637,-35.821,-14.276,-4.672,-13.485,-23.137,-0.457,-6.569,8.053,-11.626,-6.675,-2.276,47.758,-5.483,-4.067,1.676,-0.191,29.830,6.152,-17.138,-43.062,-16.727,2.194,-14.758,-9.960,-25.946,-8.082,7.253,-6.910,-62.286,-3.236,-14.123,21.083,-19.317,3.201,-15.637,-2.428,-53.123,-2.472,-32.302,78.399,-61.829,2.256,23.362,13.020,34.649,-7.188,2.205,-13.266,24.392,-1.730,-5.256,-29.227,-28.746,22.207,-4.025,
-72.966,-459.498,-26.544,-28.159,-154.888,-247.989,-53.876,-11.802,-327.629,-187.513,-41.761,-49.790,58.661,-48.439,63.613,3.273,170.040,869.273,233.920,5.722,237.535,1422.150,239.326,32.775,230.613,681.147,81.365,71.523,-98.506,-158.840,21.873,-48.682,-126.579,132.024,40.210,-22.465,-44.818,170.632,52.879,21.866,40.456,-37.002,125.368,14.804,-14.571,360.785,128.299,-13.169,-8.762,611.531,103.868,19.455,40.005,311.315,41.530,17.485,-76.231,375.653,37.725,-15.402,-158.548,160.556,29.247,-26.776,82.455,-103.393,106.018,-47.223,118.891,-239.628,67.530,-23.800,-48.782,-218.288,-59.969,-21.796,-43.085,49.197,-28.854,-9.024,82.783,313.891,43.281,28.554,-59.061,-63.771,3.130,-11.793,37.840,-136.770,18.363,-22.582,144.800,-85.991,3.862,-23.506,-7.265,-2.606,-58.663,2.306,-95.790,17.708,-23.515,-4.423,-39.138,207.457,101.086,-6.561,153.862,202.500,92.991,16.521,6.573,-30.558,29.102,-1.803,18.442,91.600,56.276,7.082,-7.965,177.398,-6.201,18.490,-5.956,232.222,-8.385,2.420,-25.171,215.422,32.940,39.117,7.374,260.708,24.808,78.900,89.303,135.886,55.221,58.331,90.769,71.295,76.386,8.328,-76.136,94.632,100.002,-9.761,-155.057,22.491,9.157,-41.712,26.136,-11.739,49.826,-29.076,-16.651,82.931,25.747,-11.761,0.286,106.045,-1.496,51.178,61.610,63.696,-62.697,59.677,211.345,237.823,31.302,73.232,13.527,337.697,32.593,51.671,-86.781,244.310,22.194,-160.433,79.095,80.141,44.716,-83.804,4.559,103.027,35.206,-36.876,-7.340,152.332,-2.502,-26.479,64.069,166.724,-72.419,-19.684,
-17.342,-102.051,-6.712,-5.918,-42.728,-80.845,-12.120,-4.306,-97.935,-64.950,-20.056,-19.056,-34.670,-30.876,8.191,-12.670,58.144,129.595,97.658,-1.166,82.748,239.326,90.137,5.925,40.385,127.924,19.417,7.330,-26.237,-62.956,7.167,-11.355,-29.340,12.819,12.182,-5.776,-27.770,41.333,14.285,1.954,-6.815,-10.831,40.388,-0.056,1.024,33.640,59.246,-1.478,-7.466,92.982,42.315,2.158,7.815,89.107,19.393,0.518,-6.659,120.375,20.422,-2.188,-44.308,57.554,21.620,-6.815,-4.203,4.408,42.566,-0.378,24.989,-27.558,29.230,2.280,-8.571,-37.936,-2.195,-0.715,-11.108,-6.092,-3.339,-3.560,3.324,36.363,-0.702,-4.302,-15.702,-6.482,-0.598,-2.627,-8.353,-16.789,8.228,-4.618,7.061,-9.883,5.433,-5.100,5.619,-18.597,-5.512,8.788,-11.116,4.113,-5.219,1.089,-5.432,52.289,2.534,3.830,1.892,34.368,-2.770,-1.486,-6.420,-13.321,5.975,-2.042,-12.517,9.297,8.431,0.807,-5.487,26.825,9.209,4.853,2.188,38.370,15.780,-1.691,3.162,37.306,9.688,7.845,-4.500,49.202,1.530,21.303,5.583,28.028,-2.597,16.904,19.847,7.553,15.341,2.820,-12.569,16.356,30.914,-1.835,-22.860,3.791,16.552,-6.333,1.847,-8.400,1.294,-5.503,-2.560,16.270,3.497,-6.408,-13.641,18.134,2.155,5.121,26.581,38.855,-5.890,22.474,45.925,37.557,5.016,15.974,19.752,80.674,8.722,13.356,-25.262,73.418,1.897,-28.998,4.439,22.759,10.522,-15.401,-2.641,19.749,8.012,-9.058,1.350,17.420,4.067,-3.795,13.571,14.220,-3.534,-5.696,
0.939,3.451,-1.741,-0.128,2.453,1.109,-6.807,1.570,-45.478,-2.663,-12.530,-2.209,-14.134,10.961,0.510,1.007,18.133,38.711,11.691,21.685,15.853,32.775,5.925,24.657,3.107,0.884,-0.126,3.515,-2.447,-12.141,-2.714,2.757,-10.376,1.565,-1.229,0.523,-12.962,20.039,-4.251,-0.263,-2.187,-0.534,2.425,-0.669,3.667,11.905,3.847,4.954,1.530,17.377,0.980,7.867,1.448,7.521,1.205,4.302,-2.499,0.644,1.129,0.015,-16.926,-1.506,2.340,-1.550,-9.406,3.877,7.375,1.603,7.266,3.001,3.600,2.730,-3.099,-5.154,-6.358,-0.134,-3.881,-3.555,4.667,-0.477,2.259,23.243,15.380,2.887,5.530,2.273,0.708,0.299,-0.786,-8.344,2.466,-2.923,-4.471,3.045,8.883,-4.366,0.980,9.023,-3.289,1.765,-9.442,-2.466,-9.559,-1.932,-0.438,6.129,9.001,-0.418,-6.853,8.448,9.800,-0.734,5.487,8.049,1.576,2.054,0.792,15.579,4.256,0.211,-6.366,12.446,6.057,-1.325,-0.464,8.109,10.518,-1.777,-0.641,-7.054,-2.146,-3.341,12.718,-8.608,-4.569,2.878,-7.309,-8.003,-5.110,-1.873,-0.738,7.308,4.182,2.652,-5.787,7.540,5.267,0.689,-8.863,11.009,14.214,-0.802,-5.069,6.960,5.369,-0.511,1.209,-0.371,-2.847,-0.389,-0.169,-8.947,-4.314,-3.193,-14.128,-29.389,-9.342,-2.684,-7.276,6.934,1.365,6.811,1.048,6.350,2.382,13.847,-10.433,18.062,3.282,12.087,-9.784,20.429,-1.584,-0.833,-3.642,16.974,-2.136,-0.625,-5.578,24.181,-13.260,1.614,-7.899,31.806,-17.669,11.072,
-3.499,-42.306,-4.492,-2.215,-32.100,-40.059,-6.754,-2.053,-74.615,-28.631,-13.320,-9.478,-2.893,-18.372,3.190,1.201,37.736,71.181,34.957,2.070,47.796,230.613,40.385,3.107,76.287,191.256,22.348,15.526,-1.549,-42.822,0.723,-4.736,-29.273,16.107,1.794,-4.419,-17.554,37.019,-4.380,3.338,23.076,-28.790,16.911,3.630,5.292,21.167,21.984,-0.228,1.117,90.466,15.957,1.826,13.005,81.856,12.396,2.859,-7.827,37.710,6.220,-0.322,-36.246,16.319,-1.226,-6.988,20.554,-16.877,17.941,-10.361,43.022,-33.046,25.507,-5.846,-4.046,-23.598,-6.131,-5.205,-10.157,26.085,-10.900,-2.499,21.051,93.665,-0.476,10.818,-13.885,-14.735,-2.230,-2.255,3.418,-37.128,-2.222,-6.462,42.195,-46.794,1.158,-10.375,-2.363,-33.273,-7.540,-11.964,-16.572,-6.771,-4.226,-4.758,-1.360,44.942,16.572,-1.377,63.843,79.939,22.746,4.374,-0.757,-12.280,-1.693,-0.574,2.466,0.743,-4.501,2.651,21.498,9.910,-23.260,5.252,-1.059,43.702,-16.480,-3.135,-24.200,57.197,8.244,5.987,-0.292,83.204,13.132,14.029,44.402,46.806,20.435,9.144,-7.665,-5.368,0.804,-2.218,-19.848,5.467,11.765,-4.317,-13.052,6.926,-2.316,-6.122,28.082,7.378,7.455,-3.935,-10.125,30.410,4.737,0.026,2.660,34.698,0.322,12.938,22.140,-4.106,-14.223,10.676,25.732,25.101,3.819,-3.083,-5.316,36.437,7.325,-3.672,-4.865,0.145,5.887,-32.829,47.269,-15.735,8.753,-2.195,6.741,34.313,-3.180,1.113,5.425,42.193,-13.091,-1.173,29.944,-9.379,-21.284,-7.201,
-15.995,-175.789,-9.202,-8.732,-79.219,-136.979,-3.978,-10.256,-175.128,-90.586,-14.546,-21.318,-2.626,-78.935,22.678,15.482,118.127,141.763,95.773,6.857,60.651,681.147,127.924,0.884,191.256,766.505,95.584,56.359,3.115,-90.498,24.076,-24.481,-68.804,34.341,-0.627,-11.786,-42.818,90.520,-9.397,16.026,44.833,-54.978,43.353,17.406,21.772,102.927,65.312,8.646,-10.331,400.026,59.548,15.237,42.904,399.036,65.496,14.867,-8.350,172.016,33.300,-10.095,-63.629,50.673,-3.024,-21.703,34.072,-54.267,29.418,-32.720,110.690,-138.766,59.353,-18.180,-2.680,-68.275,-24.561,-16.406,-10.277,110.878,-69.713,-0.072,73.682,261.660,-5.179,35.657,-42.457,-28.080,-9.352,-7.048,42.105,-84.291,-1.336,-20.056,114.342,-109.634,-3.884,-25.466,-3.813,-72.116,-34.105,-9.629,-57.131,17.269,-40.172,-8.662,-24.032,178.649,29.968,-6.371,165.668,255.076,58.686,10.171,-3.933,-42.813,-9.797,-4.118,43.831,-12.160,-8.203,3.753,24.820,36.492,-38.998,16.014,-38.438,128.858,-39.504,1.594,-77.146,195.646,12.572,34.519,-33.945,247.735,22.407,74.697,102.486,144.535,66.121,45.470,-22.641,-27.004,-8.196,-6.563,-22.716,12.747,31.218,-6.487,-47.104,22.166,23.744,-18.044,9.435,-1.131,53.357,-12.712,-53.460,55.050,2.612,19.831,17.283,137.610,-13.968,91.602,129.974,61.406,-40.563,64.380,56.259,29.701,3.430,-17.269,38.621,78.440,20.581,-13.886,17.088,50.101,27.197,-88.261,60.432,13.488,25.109,-46.339,-0.324,78.642,-22.990,-5.013,25.176,128.476,-51.563,2.610,136.494,-4.354,-83.677,-10.315,
-2.594,-26.067,-1.078,-1.321,-11.597,-21.567,-0.217,-1.400,-21.899,-13.181,-1.228,-2.469,-1.007,-9.901,3.139,1.337,11.670,14.805,13.438,0.562,10.525,81.365,19.417,-0.126,22.348,95.584,14.270,6.117,0.199,-7.911,3.806,-3.119,-9.965,1.920,1.680,-1.754,-7.223,13.984,1.486,2.595,3.222,-2.659,6.531,2.667,3.594,10.175,10.252,0.952,-1.581,45.762,8.896,1.896,3.295,49.854,10.090,1.442,0.418,32.268,5.916,-1.048,-5.925,11.198,2.611,-3.146,1.060,-3.461,7.662,-4.350,10.420,-17.341,7.096,-2.498,0.207,-11.108,-3.033,-1.933,-0.646,13.254,-9.117,0.237,7.660,29.520,-1.318,3.556,-3.828,-0.838,-0.701,-0.744,7.946,-3.067,2.590,-2.426,9.002,-3.003,0.042,-3.881,-1.628,-3.536,-5.936,-0.401,-7.131,3.882,-4.629,-1.001,-3.737,25.835,5.268,-0.677,16.179,31.829,6.480,0.855,-0.007,-4.672,-1.724,-0.591,4.495,2.031,-2.602,0.680,0.179,5.358,-5.834,0.968,-3.197,16.326,-3.622,0.050,-7.829,25.062,2.571,4.577,-7.654,29.851,2.629,11.827,9.398,18.933,7.053,8.557,-5.389,-6.604,-2.274,-0.801,-4.092,-1.362,2.823,-0.888,-5.649,2.526,5.091,-2.106,3.068,2.370,9.113,-1.429,-6.304,7.861,1.863,1.968,-0.016,16.236,-1.041,11.916,18.885,15.825,-4.761,11.805,1.255,-5.421,-0.507,-2.581,5.104,2.358,2.713,-2.375,2.976,3.593,3.925,-9.679,7.076,2.597,3.234,-5.056,0.315,8.801,-1.931,0.379,3.223,13.834,-6.088,0.792,19.722,6.595,-8.326,-0.249,
-1.220,-5.481,0.251,-0.914,-3.494,-4.571,1.346,0.115,-20.300,-2.847,0.485,0.992,1.858,-1.932,4.669,5.027,9.833,24.488,7.313,3.232,2.104,71.523,7.330,3.515,15.526,56.359,6.117,9.581,-1.456,2.397,2.609,-0.631,-4.513,2.903,-0.350,-0.140,1.488,4.796,-0.905,2.557,4.406,-9.845,2.773,2.048,0.195,6.439,2.667,-0.174,-1.429,28.312,2.594,3.197,0.868,16.482,0.225,3.404,-5.991,0.611,0.008,-0.078,-1.723,-5.774,-2.051,-1.418,13.732,-12.187,2.589,-2.325,8.548,-16.309,4.557,-2.467,-1.456,-6.855,-0.802,-2.035,0.835,12.867,-3.708,0.763,7.961,10.707,-2.130,4.458,-3.710,-5.779,-1.019,-0.616,8.198,-14.541,-0.579,-1.396,15.355,-13.204,2.427,-1.589,-1.075,-6.037,-0.161,-1.660,-5.456,-3.712,-0.083,-1.217,-0.505,1.959,3.102,0.226,10.645,-0.714,2.168,0.327,1.343,-1.095,0.808,-0.399,7.577,1.813,2.593,0.386,4.227,-1.475,-0.148,1.471,-1.676,7.018,-3.620,0.359,-2.049,9.382,1.383,3.158,-0.102,11.325,1.102,3.536,2.227,2.523,3.348,-0.438,1.294,-1.900,0.929,1.035,-2.640,0.095,2.434,-0.201,-4.512,-2.887,-1.708,-0.780,6.552,-1.966,5.210,-0.676,0.160,5.381,2.336,1.897,0.126,5.403,-0.552,5.191,-0.735,-4.002,-3.373,-0.047,-1.938,-6.027,-0.401,2.336,-4.000,-2.735,-0.508,1.521,1.490,-7.409,0.605,-6.374,9.622,-5.617,2.023,0.135,0.231,3.192,2.737,2.294,-1.515,4.679,-0.499,0.209,4.696,-1.511,-5.318,0.671,
