1980.150,1748.964,-43.269,191.149,-140.996,182.021,-99.420,84.078,-53.471,-830.271,-105.895,34.259,-79.955,-1171.213,-47.198,-51.667,-107.618,-1289.698,-50.263,-81.278,-255.919,-1115.824,-46.010,-64.260,-435.127,-652.175,-45.012,-67.343,181.894,258.149,-36.441,90.898,98.553,598.245,-39.589,114.590,68.230,708.436,-27.726,127.758,56.283,704.801,-26.074,113.707,50.469,362.528,-31.610,87.786,74.922,136.007,-28.209,35.554,-7.689,-43.649,-46.741,8.745,-6.777,-53.959,-6.122,3.631,12.738,80.116,-10.613,16.286,5.546,249.465,-13.468,43.683,0.177,320.094,-22.749,74.239,27.615,232.472,-27.987,77.243,47.133,184.726,-12.097,51.175,69.137,79.052,0.341,30.913,-8.175,5.137,-2.772,7.401,-3.348,27.572,-6.979,3.584,3.354,2.499,-6.914,3.626,-5.174,-24.908,-7.424,3.457,-2.841,-8.588,-6.776,9.339,1.711,29.973,-5.249,11.540,-16.731,-23.979,-21.088,5.027,-28.119,-122.934,-6.420,-42.570,-3.190,153.676,-0.328,-9.221,47.133,129.416,-1.464,10.659,10.184,61.760,-3.981,11.908,-4.789,-1.761,-9.212,4.397,-11.428,-64.507,-29.296,1.829,-62.009,-182.283,-55.572,-10.255,-77.261,-211.232,-18.046,-89.698,-80.183,-0.695,-2.610,-79.462,17.585,13.374,-4.121,-25.937,-8.879,80.338,-12.006,28.111,-18.818,53.137,-25.067,17.368,-41.258,41.209,-41.358,3.447,-63.468,87.424,-39.776,7.556,-20.280,49.428,2.514,-4.994,-119.233,51.602,-4.447,-54.908,-22.846,-52.002,-0.821,-32.180,57.894,-92.720,-23.176,1.086,24.135,119.134,-46.251,36.305,-63.081,248.889,-23.972,35.836,298.882,581.542,-9.160,53.997,
1748.964,9200.697,231.836,235.634,-1256.437,2442.562,88.281,-175.646,-364.626,742.176,-18.234,-176.492,-278.759,676.808,-21.946,-169.269,37.697,601.489,-27.204,-17.340,157.165,221.513,-61.959,101.567,-177.106,-514.108,-72.047,-65.876,74.700,1118.292,-24.186,69.486,-58.300,455.365,-22.288,-11.404,-55.419,-19.189,-23.828,-58.872,-98.530,-248.463,-39.553,-85.750,-154.437,-620.927,-78.544,-143.953,-55.506,-565.092,-55.187,-80.729,-144.367,-627.574,-107.996,-48.775,-29.493,-159.353,-9.593,1.861,6.962,-44.396,-14.487,7.319,-5.843,-22.857,-15.247,10.731,-44.799,-126.638,-33.717,5.286,-65.625,-243.349,-51.501,-11.750,-39.017,-259.079,-30.697,-9.574,-14.555,-259.084,-27.863,7.254,30.081,-103.524,-6.461,17.991,80.981,183.625,5.791,57.866,36.984,65.777,-2.198,37.110,-7.352,-28.056,-10.721,7.150,-7.947,-33.573,-10.582,8.546,0.277,16.623,0.692,11.126,-37.645,22.286,-13.584,4.319,-185.032,-1870.684,-53.800,-394.890,187.009,102.485,7.696,36.588,150.777,192.148,3.044,118.044,55.549,140.983,1.745,63.603,14.512,52.001,-2.134,20.073,3.625,-19.005,-29.106,4.984,-26.093,-95.539,-46.678,-34.007,-403.417,-1884.135,-35.426,-597.184,87.377,-356.351,3.034,-208.622,95.021,-81.932,2.110,4.692,79.646,18.062,-13.294,94.311,68.453,-78.868,-23.848,60.004,16.037,9.977,-60.054,14.983,-44.975,170.392,-24.179,1.492,-35.107,-464.611,1.714,-82.975,-161.899,-146.922,3.019,-72.693,1.708,-157.124,-0.771,-112.521,124.612,-55.042,-39.876,-63.716,117.078,217.925,-25.905,33.681,-59.582,257.845,11.014,73.215,198.130,1024.944,125.952,96.413,
-43.269,231.836,73.050,-14.933,-43.725,87.994,39.547,-26.844,-26.500,100.789,19.214,-24.092,-14.331,149.208,5.494,-10.822,5.111,176.456,-1.631,12.564,50.150,133.717,-0.736,25.081,39.033,23.836,0.894,5.125,20.636,140.536,11.867,0.589,-9.800,14.256,13.428,-10.711,-10.511,-40.886,3.453,-17.056,-15.850,-69.789,-0.833,-20.361,-17.539,-68.756,-2.019,-13.897,-5.583,-30.631,-0.672,6.208,1.847,-25.322,0.633,-0.881,-1.711,-7.086,-0.353,-0.161,-0.564,-12.025,-0.936,-0.664,-0.869,-24.819,-1.989,-2.856,-4.169,-41.447,-2.406,-7.933,-7.050,-48.994,-2.183,-9.517,-1.781,-33.622,-0.406,-5.708,-6.861,-26.103,-1.814,-4.461,-5.608,-17.967,-1.517,-2.447,-0.181,-9.825,-1.986,-1.492,2.808,-1.133,-1.008,1.156,0.200,-3.128,-0.764,0.342,-0.289,-4.336,-0.550,-0.703,-0.119,-6.500,-0.794,-0.886,-2.275,-10.022,-2.517,-0.336,-19.056,-112.900,-2.297,-17.742,8.181,-24.442,-1.222,-0.122,1.556,-21.306,-0.214,5.192,-0.947,-9.214,-0.306,2.011,-0.619,-3.006,-0.139,0.925,-0.453,0.122,0.878,0.242,8.769,22.636,4.003,-1.747,-6.992,-120.703,-0.292,-24.797,19.978,-25.325,-0.747,8.917,-2.392,-12.639,-0.742,10.450,-8.017,-2.792,-1.122,0.164,-4.914,9.450,1.817,-0.342,3.122,23.039,9.211,0.456,30.400,35.411,16.839,2.339,1.639,-57.283,0.400,-2.994,11.528,-26.603,-0.275,8.350,5.494,9.272,-1.136,6.569,-14.500,30.842,-2.200,-4.342,-14.856,15.078,7.197,-8.858,-1.597,-6.894,12.692,-5.228,-11.672,-10.844,25.197,3.886,
191.149,235.634,-14.933,90.640,-36.709,-4.377,-19.720,30.097,-10.627,-166.686,-12.563,12.201,-4.786,-241.426,-3.975,-0.441,-19.294,-265.063,-1.550,-15.679,-46.696,-239.748,-4.702,-20.489,-96.968,-182.153,-6.280,-18.333,9.053,-35.717,-7.642,24.400,16.576,73.830,-7.126,25.743,10.983,102.616,-2.446,29.731,21.711,89.345,-0.255,25.306,14.641,6.335,-0.461,11.953,9.442,-40.444,-0.553,-0.859,-19.086,-71.439,-7.173,-6.717,-0.190,-5.436,-0.086,0.531,2.504,20.369,0.989,3.579,1.391,59.574,3.603,9.343,5.923,77.876,3.215,18.319,10.079,61.109,0.603,18.508,5.180,40.823,0.261,11.454,7.643,5.788,-0.451,4.281,-2.764,9.010,1.573,0.159,-1.774,12.801,3.496,1.968,-2.286,8.851,2.640,-0.377,-0.598,3.817,0.626,0.394,0.073,7.602,0.018,3.009,0.912,19.332,2.365,3.733,0.169,23.734,4.399,1.282,-19.392,-42.886,-1.305,-11.225,-14.872,-8.945,-0.130,-13.079,-1.570,11.777,0.353,-5.440,1.616,16.852,1.170,-0.450,1.851,14.337,2.226,-0.081,1.817,13.310,2.997,0.000,1.580,5.625,4.218,0.121,4.153,16.115,0.250,-4.270,-30.787,8.760,0.157,-18.612,-14.289,0.829,1.322,-18.166,-1.825,2.221,2.424,-0.847,4.172,5.073,2.861,0.837,-2.348,10.745,0.891,-0.837,-6.149,20.913,2.738,0.970,40.426,55.123,-0.256,20.465,-7.846,46.521,0.968,9.841,-27.216,23.343,1.418,-9.497,4.863,-20.492,2.076,-12.583,0.736,-18.568,1.008,0.423,-3.003,-20.503,6.940,2.620,-18.090,0.830,1.048,3.223,
-140.996,-1256.437,-43.725,-36.709,552.697,-549.580,-7.820,79.784,191.519,-344.423,-3.792,80.882,50.465,-454.136,-12.352,31.438,-64.850,-502.946,-17.150,-29.768,-120.135,-379.107,-8.442,-46.747,-107.063,-148.966,-6.192,-15.458,-12.991,-185.905,-5.100,-10.704,65.263,-52.360,-9.400,33.361,55.599,135.635,-8.179,67.947,42.116,225.173,-7.489,94.852,65.227,279.299,-5.330,87.162,37.836,202.694,-2.698,32.677,50.769,153.313,2.619,18.101,-6.044,-36.627,-1.674,-0.487,0.578,-14.215,-1.579,0.028,4.396,40.188,0.608,8.794,17.969,133.326,5.289,38.551,36.172,210.299,7.915,46.106,34.698,190.781,5.553,33.233,66.673,205.635,12.161,16.402,-1.599,8.264,4.026,-9.299,-11.493,-20.537,4.747,-13.371,-9.543,-6.578,1.956,-5.919,3.506,14.321,3.605,-0.630,3.312,22.522,2.819,1.132,1.844,19.333,-1.730,1.114,-6.263,-3.724,-7.761,0.028,46.476,256.988,3.889,44.058,-40.794,4.917,2.509,-14.503,-48.642,-47.434,-0.981,-27.206,-17.619,-32.650,-1.465,-11.564,-4.527,-16.814,-2.975,-2.890,-7.547,-18.684,-6.522,-0.313,-27.188,-26.481,-13.647,0.016,43.365,329.675,1.722,58.780,-24.275,112.828,-0.092,42.381,-46.178,37.757,-1.942,2.955,-26.833,-29.074,-1.061,-12.898,-7.738,-54.741,-1.891,-5.979,-9.860,-78.875,-5.284,0.298,-74.861,-116.191,-10.259,-6.545,46.382,142.543,-1.719,4.276,20.009,120.720,-2.677,-5.178,-8.211,132.799,-4.130,7.242,21.232,91.858,1.039,29.372,30.027,71.009,1.144,32.777,0.760,147.119,-13.771,2.584,-58.073,118.696,-39.214,-17.004,
182.021,2442.562,87.994,-4.377,-549.580,1913.704,34.388,-71.487,-257.457,1365.099,-9.530,-40.366,-65.505,1280.181,-12.799,37.442,59.172,1079.573,-9.422,118.847,116.604,611.751,-13.652,114.994,-102.179,13.829,-28.813,-5.480,-220.126,-326.184,-28.413,-39.103,-103.886,-399.460,-34.558,-77.138,-102.747,-592.168,-40.646,-95.936,-96.232,-582.546,-27.361,-88.617,-85.262,-471.572,-18.856,-58.315,-65.398,-290.888,-20.645,-17.417,-152.185,-337.494,-67.216,-26.407,-37.166,-202.643,-8.472,-2.097,-8.142,-174.323,-11.964,-10.724,-10.361,-264.756,-11.663,-29.980,-42.272,-386.790,-13.959,-67.059,-67.350,-396.090,-29.610,-66.520,-29.310,-320.129,-24.461,-46.604,-83.794,-303.535,-36.365,-24.940,65.835,140.212,-0.425,29.584,32.744,57.641,0.515,27.284,11.666,9.188,1.909,8.188,-5.469,-24.243,-5.237,-0.873,-4.503,-26.591,-5.196,-7.583,-2.077,-35.716,1.634,-8.817,-38.611,-16.831,-6.276,-2.404,33.046,-118.750,-2.751,16.687,39.638,39.956,-0.888,65.208,42.299,68.184,2.742,41.079,26.650,44.088,4.648,13.667,6.680,17.518,4.869,1.177,-1.962,-7.886,-6.525,-0.773,-50.270,-49.913,-28.008,-2.208,-21.782,-162.342,5.217,-24.036,-10.912,40.917,3.316,16.767,40.894,99.846,5.417,14.529,29.018,148.338,0.265,31.726,26.355,111.355,-14.945,15.872,18.001,82.405,-40.457,5.530,45.583,136.953,-10.631,15.314,39.260,-28.425,0.367,13.878,-81.432,-16.104,5.515,-19.096,30.661,-27.052,7.008,-31.953,7.195,19.960,-21.076,-11.812,-42.947,119.528,-49.790,14.552,-72.650,220.864,-18.843,20.790,290.658,570.305,74.898,44.773,
-99.420,88.281,39.547,-19.720,-7.820,34.388,56.981,-28.765,-8.917,93.527,32.421,-26.612,-14.020,163.041,7.770,-10.265,18.343,188.118,2.901,13.505,45.808,161.432,3.972,19.707,57.737,83.690,2.128,9.305,16.009,126.304,11.110,-2.827,-8.229,3.507,14.117,-11.302,-8.345,-59.995,5.870,-18.562,-11.476,-86.593,0.160,-23.004,-10.960,-75.196,1.240,-16.727,-8.857,-42.015,1.531,2.591,6.041,-23.685,2.028,-0.058,-0.713,-1.910,-0.220,-0.251,-0.711,-9.307,-0.624,-0.905,-0.995,-22.381,-1.494,-2.843,-3.337,-35.735,-1.950,-7.335,-5.940,-40.163,-0.797,-9.603,-5.091,-34.010,-0.447,-6.979,-10.497,-24.956,0.177,-4.460,-6.927,-25.188,-0.458,-2.636,-1.482,-10.530,-0.848,-3.454,-2.047,-7.576,-0.938,-1.805,-1.023,-4.264,-0.711,-0.426,-0.388,-4.339,-0.512,-0.654,-0.350,-6.624,-0.656,-0.824,-0.736,-8.553,-1.522,-0.313,-17.262,-72.455,0.358,-8.693,4.865,-16.105,-0.337,5.135,-7.302,-25.276,-0.199,0.503,-4.030,-16.277,-0.284,-3.647,-1.172,-8.281,-0.635,-1.705,-0.928,-4.955,0.447,-0.426,3.014,5.685,3.620,-0.317,-21.935,-71.363,1.162,-7.143,17.265,-20.865,-0.695,15.837,-5.006,-14.891,-0.680,12.033,-8.922,-21.479,-1.361,-2.993,-4.462,-23.605,-0.309,-4.978,-2.994,-9.299,4.568,-2.755,5.454,3.447,7.590,0.263,-6.981,-36.802,0.964,-0.178,16.519,0.935,-0.238,10.406,15.610,33.841,-1.465,11.382,-12.602,61.364,-2.077,1.908,-14.252,54.628,4.784,-7.626,-5.377,34.974,6.698,-9.512,-14.324,34.899,21.044,-5.436,
84.078,-175.646,-26.844,30.097,79.784,-71.487,-28.765,78.899,37.424,-157.595,-19.534,56.334,5.453,-249.982,-8.644,15.246,-26.137,-318.510,-5.359,-14.010,-59.125,-293.740,-5.296,-29.964,-113.419,-185.381,-8.339,-22.319,-18.959,-132.253,-8.768,3.762,16.341,-19.490,-10.880,22.659,14.777,70.739,-5.468,39.063,32.721,116.596,2.174,49.890,37.165,89.304,5.747,36.997,10.229,0.847,0.406,1.012,-17.125,-46.138,-7.047,-8.187,-1.819,-13.781,0.592,-0.065,0.444,7.686,3.314,0.438,1.173,38.701,8.723,4.880,10.798,71.389,11.230,17.504,16.357,92.034,6.911,21.339,12.969,66.834,1.194,12.901,13.919,29.023,0.645,2.307,-1.803,39.487,5.856,-2.223,-4.017,24.188,9.712,-1.572,-2.163,17.674,6.911,-0.777,1.749,11.294,3.299,0.097,1.473,9.818,0.858,1.098,0.638,11.131,-0.331,1.291,-1.382,-0.598,-2.253,0.350,3.566,131.128,2.115,21.725,-19.581,29.324,1.607,-0.574,-9.135,9.744,-0.242,-3.821,-2.326,2.829,-0.409,-0.917,0.288,1.157,0.751,0.130,-1.390,6.581,1.566,0.136,-1.998,18.942,1.077,2.974,-2.659,97.949,-0.509,26.575,-19.124,46.895,0.918,14.626,-11.091,18.170,-0.231,2.869,-0.605,17.339,2.059,2.509,4.064,19.279,4.649,2.426,-1.552,9.112,6.643,2.181,20.674,21.297,17.743,3.296,-4.186,-0.838,-0.750,5.786,-6.259,-9.550,-1.039,-0.763,-10.943,-2.170,-0.189,-2.780,10.154,-26.032,4.540,3.065,13.784,-33.581,5.129,14.592,7.036,-10.757,5.755,9.669,0.665,-6.879,-4.991,3.438,
-53.471,-364.626,-26.500,-10.627,191.519,-257.457,-8.917,37.424,249.090,-284.873,4.333,84.751,77.059,-326.114,-4.310,30.083,-47.846,-364.697,-9.383,-33.968,-76.676,-305.842,-6.816,-31.397,-108.418,-200.937,-5.949,-16.478,7.046,-5.369,3.480,-6.642,31.417,33.041,0.770,15.249,36.931,123.946,0.669,38.822,37.842,211.949,-1.090,60.399,52.100,255.467,-0.264,60.891,45.498,190.764,2.757,28.519,45.521,133.280,4.366,26.567,-0.223,-2.087,0.254,-0.617,0.547,-1.543,0.569,-0.852,4.053,24.331,1.807,2.261,13.616,80.649,5.863,15.156,21.388,145.909,10.134,24.327,17.752,140.013,6.994,19.713,53.274,149.663,11.391,20.142,-8.837,-29.401,1.458,-6.747,-7.778,-11.291,2.708,-8.905,-1.438,0.562,1.298,-2.120,3.508,14.700,3.419,0.181,1.886,13.775,3.423,0.798,0.863,13.321,1.152,1.139,0.505,19.690,2.230,0.394,44.624,75.612,3.796,4.391,-7.419,-14.338,1.211,-19.554,-13.178,-32.741,0.107,-18.396,-4.116,-19.389,0.383,-8.189,-1.332,-6.578,-0.713,-1.676,-3.593,-4.901,-1.946,0.075,-16.345,-10.329,-1.746,-4.818,49.402,125.353,0.862,21.552,12.617,45.029,1.786,11.568,4.594,-8.791,0.312,-6.766,6.212,-67.823,-0.402,-9.241,0.464,-80.048,0.731,-6.861,-5.883,-58.542,-0.644,-3.222,-59.390,-49.413,-4.821,-9.600,28.163,6.880,1.178,1.569,35.733,70.477,0.726,0.539,24.004,91.086,0.412,2.887,41.933,88.766,8.309,19.618,27.534,73.669,13.961,7.088,12.007,25.824,-8.296,4.261,-95.960,-5.620,-28.533,-18.276,
-830.271,742.176,100.789,-166.686,-344.423,1365.099,93.527,-157.595,-284.873,2043.431,36.590,-126.682,-48.550,2250.027,-0.054,42.602,185.713,2097.254,13.979,207.025,309.775,1489.144,22.721,180.793,239.870,713.031,18.967,98.961,-278.785,-430.107,-11.958,-81.557,-168.620,-736.267,-16.543,-150.532,-152.582,-1035.388,-34.401,-206.903,-147.302,-1018.879,-21.120,-221.009,-133.860,-636.923,7.315,-163.480,-95.842,-255.220,8.037,-39.369,-52.620,-28.033,5.123,-3.091,-37.816,-185.352,-9.717,-2.959,-14.888,-229.639,-17.578,-17.853,-12.641,-429.964,-25.878,-56.036,-44.846,-591.645,-14.473,-129.647,-93.514,-590.955,-7.981,-137.706,-72.435,-472.726,-6.517,-90.969,-124.749,-320.721,-21.830,-46.666,21.954,-6.043,-9.474,17.541,19.005,-31.051,-16.278,13.657,5.413,-32.157,-8.103,1.324,-4.091,-23.941,-4.577,-3.646,-3.535,-40.195,-1.090,-13.261,-4.101,-82.482,-1.782,-15.976,-43.574,-73.088,-15.990,-5.447,31.839,113.015,2.634,65.841,18.643,-38.504,-4.807,57.651,4.323,-9.035,1.513,20.016,11.924,-1.873,2.836,2.283,3.819,1.632,4.297,-2.611,-2.233,6.455,-2.806,-2.219,-29.482,15.641,-24.247,8.837,103.048,145.484,13.602,86.135,41.590,61.660,0.303,61.003,3.698,107.653,3.074,0.614,-7.231,137.188,1.518,-3.715,9.037,108.224,-9.478,-1.670,40.355,99.085,-24.327,0.231,153.913,132.968,-9.554,6.569,45.686,53.132,-2.244,25.784,32.682,86.836,3.519,33.385,8.941,139.269,-0.990,5.370,-93.323,198.633,-27.820,-16.777,-100.150,175.634,-34.123,-31.103,-26.433,164.459,-6.046,-21.418,303.929,205.629,74.999,-3.268,
-105.895,-18.234,19.214,-12.563,-3.792,-9.530,32.421,-19.534,4.333,36.590,38.361,-24.160,-6.534,100.769,14.619,-11.991,14.238,139.621,6.656,3.302,45.744,128.575,7.267,9.762,53.351,48.799,4.057,6.120,15.263,104.287,10.266,-1.674,-4.777,17.000,12.444,-7.936,-4.137,-31.342,7.367,-13.489,-6.731,-59.850,2.283,-17.898,-7.887,-55.522,2.917,-15.767,-9.374,-38.770,3.345,-3.568,-2.047,-33.629,1.462,-3.465,1.076,7.361,0.388,-0.155,-0.471,-1.277,0.268,-0.589,-0.660,-11.824,-0.438,-1.886,-2.359,-21.587,-1.122,-4.892,-4.651,-26.311,-0.254,-6.859,-4.814,-26.333,-0.147,-5.628,-9.493,-24.104,0.139,-3.464,-6.973,-23.083,-0.421,-2.626,-1.529,-9.505,-0.615,-2.835,-1.500,-5.198,-0.622,-1.244,-0.679,-2.273,-0.471,-0.283,-0.224,-1.234,-0.173,-0.434,-0.109,-1.563,0.510,-0.547,1.828,2.861,2.156,-0.207,-15.625,-44.914,0.647,-9.538,4.792,-17.216,-0.265,-1.131,-4.651,-16.947,0.090,-1.486,-2.102,-8.804,0.367,-3.169,-0.291,-0.865,0.309,-1.202,0.444,2.630,2.268,-0.283,0.374,5.303,4.953,0.874,-0.326,-45.452,0.623,-7.732,15.538,-11.732,-0.304,3.992,-4.778,-5.566,0.153,3.818,-3.151,-10.759,0.305,-3.163,0.542,-9.311,0.940,-3.681,-3.519,1.472,3.785,-2.334,-7.901,13.358,1.525,2.675,19.300,-12.171,1.292,4.699,7.990,11.551,0.455,7.035,4.199,27.677,0.161,2.732,-6.177,31.848,2.001,-0.347,-9.202,19.704,6.362,-6.968,-4.591,4.535,4.534,-7.613,-20.756,6.667,13.590,-3.807,
34.259,-176.492,-24.092,12.201,80.882,-40.366,-26.612,56.334,84.751,-126.682,-24.160,93.954,37.318,-230.651,-11.465,52.482,-33.846,-333.160,-9.699,1.014,-86.935,-331.980,-7.720,-22.987,-147.651,-225.284,-9.947,-23.727,-34.225,-149.395,-9.277,-4.080,7.790,-49.322,-11.698,12.619,8.919,37.717,-6.884,38.202,24.795,112.526,-1.101,59.257,33.374,123.175,1.736,59.111,15.674,57.056,-0.396,18.286,-8.919,-0.408,-6.851,6.461,-3.059,-20.745,0.379,-0.371,-0.118,-5.057,2.818,-0.636,1.483,14.203,7.914,1.160,10.969,40.788,10.603,9.951,14.771,76.383,8.013,16.667,12.097,71.763,3.403,13.647,19.647,51.317,1.697,6.147,-4.656,25.138,5.084,-3.069,-2.237,17.935,8.660,-2.610,3.214,19.359,6.575,1.224,4.018,15.518,4.232,0.552,1.987,10.085,2.006,0.101,0.616,6.047,-0.634,0.214,-2.125,-3.123,-3.080,0.047,12.847,127.051,3.521,24.176,-18.745,12.178,1.223,-2.078,-6.567,-3.993,-0.186,-5.387,-1.830,-2.993,-0.487,0.397,-1.014,-2.394,-0.715,1.218,-2.810,-2.058,-1.555,0.597,-6.910,11.242,-2.655,0.303,17.441,131.318,-0.122,39.937,-21.306,51.202,1.272,24.632,-8.523,11.518,-0.463,3.738,-0.673,-4.623,0.252,2.487,1.405,-0.437,2.120,3.356,-1.911,7.546,5.902,3.482,4.604,26.238,16.616,0.321,-8.696,-14.971,-1.536,2.661,6.112,-6.889,-1.008,3.002,-6.085,2.476,-0.873,5.519,12.109,-3.951,3.388,9.171,14.389,-17.006,6.074,12.956,6.435,-22.196,4.363,10.053,-20.770,-41.906,-0.603,0.419,
-79.955,-278.759,-14.331,-4.786,50.465,-65.505,-14.020,5.453,77.059,-48.550,-6.534,37.318,189.489,-199.324,2.175,81.646,77.641,-312.649,5.460,36.555,-23.890,-336.066,-0.097,-17.283,-147.147,-283.340,-11.209,-27.323,13.396,-19.486,2.252,-2.200,4.326,6.825,5.550,-2.546,12.411,35.136,3.342,8.443,30.273,87.531,4.913,29.461,44.653,166.408,13.289,53.915,50.806,128.558,5.984,42.217,17.604,56.862,-3.754,24.683,4.277,23.421,1.606,-0.224,-0.984,3.244,1.085,-1.618,1.075,-10.339,-1.448,-3.043,2.693,4.618,1.783,-2.201,5.191,48.008,4.242,9.445,17.418,75.918,3.547,13.101,31.368,86.214,5.929,11.400,-21.329,-54.976,-0.042,-6.633,-6.862,-17.250,-3.407,-6.285,0.313,-3.704,-1.723,-0.571,0.991,1.016,0.193,-0.005,0.289,-0.532,0.787,-0.416,0.455,-0.790,-0.196,-0.354,6.598,6.455,2.506,-0.141,3.473,17.248,6.861,-1.677,9.481,-19.623,-1.490,-11.167,-1.216,-33.693,-0.127,-9.656,-3.009,-17.651,-0.340,-2.397,-0.788,-3.101,0.423,0.225,-0.536,2.965,4.540,0.267,9.589,11.976,4.429,0.088,45.007,101.241,1.860,26.806,21.373,39.652,0.525,23.117,6.862,14.629,-0.554,-1.489,-3.089,-4.854,0.972,-7.874,2.025,-11.293,5.733,-2.217,-2.484,-5.176,9.081,-1.304,-22.370,1.997,11.838,-0.854,12.438,14.530,0.892,8.182,13.099,6.373,-0.229,10.531,3.713,41.327,-0.044,6.444,0.525,32.652,6.998,5.961,2.932,-8.668,9.121,4.417,14.064,-39.984,6.828,-3.903,-41.464,-83.407,-17.919,-15.337,
-1171.213,676.808,149.208,-241.426,-454.136,1280.181,163.041,-249.982,-326.114,2250.027,100.769,-230.651,-199.324,2983.308,24.520,-88.734,184.711,3149.715,30.272,170.299,521.765,2448.581,45.736,241.164,649.587,1330.890,45.686,175.348,-235.063,-124.600,14.467,-97.460,-200.370,-688.860,14.950,-191.333,-180.701,-1138.732,-6.079,-292.087,-219.834,-1232.638,-10.456,-353.853,-223.395,-835.346,2.459,-288.994,-146.275,-286.700,14.407,-83.579,34.141,81.535,31.503,-10.310,-22.917,-106.138,-6.574,-3.015,-15.867,-209.543,-15.501,-19.144,-15.354,-469.706,-29.503,-65.928,-57.486,-707.868,-23.550,-164.527,-122.278,-772.895,-11.235,-192.955,-109.813,-632.808,-6.592,-133.456,-167.477,-417.888,-24.345,-68.587,19.262,-64.897,-17.490,18.484,17.418,-75.382,-24.897,12.529,5.840,-54.767,-15.316,0.070,-6.178,-36.112,-7.856,-4.197,-4.854,-51.983,-1.736,-16.952,-5.551,-101.206,-0.697,-20.542,-24.990,-64.485,-4.095,-6.917,-8.502,-87.640,-7.650,21.403,28.423,-89.600,-4.625,39.752,2.664,-17.478,1.792,24.017,15.664,-11.962,3.480,0.508,5.851,2.320,5.519,-4.262,5.370,24.188,5.356,-2.447,1.656,34.296,-0.780,8.660,91.337,-15.447,11.722,26.297,77.091,-34.977,-0.765,7.214,5.217,56.168,3.575,-7.368,9.106,112.298,3.761,-17.098,1.645,131.631,-3.758,-13.112,49.924,130.375,-13.711,-3.308,176.550,116.298,-33.631,10.216,94.410,112.804,-2.725,26.048,49.520,177.886,4.867,34.944,8.233,208.565,-0.024,-6.375,-120.812,266.902,-18.339,-38.917,-113.517,197.515,-16.845,-77.851,-23.007,157.481,-15.776,-35.650,311.433,249.607,76.936,-4.459,
-47.198,-21.946,5.494,-3.975,-12.352,-12.799,7.770,-8.644,-4.310,-0.054,14.619,-11.465,2.175,24.520,15.148,-8.197,8.870,58.685,8.023,-3.950,24.058,67.417,5.460,-2.334,40.541,36.477,4.339,-1.531,14.399,54.794,5.269,0.252,-1.764,23.923,7.082,-3.096,-1.740,7.363,5.060,-5.619,-1.970,-12.815,4.109,-8.136,-3.023,-19.416,2.766,-9.212,-5.908,-19.744,1.230,-6.406,-5.916,-17.067,-0.768,-4.717,2.604,13.327,0.953,0.059,-0.215,5.125,1.175,-0.139,-0.300,-2.117,0.505,-0.858,-1.285,-9.480,-0.360,-2.198,-2.580,-14.589,-0.796,-3.011,-3.306,-15.108,-0.772,-2.472,-5.529,-14.876,-1.261,-1.650,-4.901,-14.440,-0.865,-1.744,-1.785,-7.191,-0.558,-1.693,-0.849,-2.471,-0.283,-0.652,-0.309,-1.065,-0.215,-0.129,-0.137,-0.685,-0.088,-0.197,-0.124,-0.740,0.377,-0.249,4.216,4.299,2.773,-0.094,-12.255,-20.070,-0.770,-3.127,-1.045,-8.293,-0.343,-1.651,-2.435,-8.215,0.029,-1.036,-0.865,-5.964,0.136,-1.678,-0.127,-0.443,0.359,-0.575,1.086,2.306,2.439,-0.129,4.390,5.201,4.378,0.833,-1.590,-20.320,-0.043,-1.366,6.960,-2.269,-0.145,1.541,-0.601,-1.531,0.040,2.531,-1.352,-2.191,0.543,-2.094,0.477,0.820,2.122,-1.788,-0.833,2.548,4.527,-1.225,-3.141,-0.990,0.693,2.220,6.447,-13.654,0.683,3.560,2.723,0.850,0.184,4.888,2.492,10.086,0.065,1.921,-2.522,12.325,2.220,-0.292,-3.145,0.016,5.348,-3.672,-2.325,-5.698,2.387,-3.299,-12.779,-3.846,1.526,-0.179,
-51.667,-169.269,-10.822,-0.441,31.438,37.442,-10.265,15.246,30.083,42.602,-11.991,52.482,81.646,-88.734,-8.197,92.669,22.546,-226.759,-3.773,58.043,-53.862,-276.620,-3.548,-1.524,-150.898,-245.692,-9.482,-21.714,-39.759,-144.846,-7.617,-5.977,-8.203,-83.259,-8.401,-3.017,-6.506,-53.306,-6.323,11.908,8.218,0.836,-1.877,36.823,24.779,59.688,6.209,54.602,22.467,25.824,3.077,29.164,-17.402,-38.748,-5.633,5.607,-3.467,-19.653,-0.099,-0.409,-0.866,-12.535,1.100,-1.346,-0.152,-15.352,3.946,-2.920,3.356,-9.815,5.868,-3.147,4.335,18.493,5.103,3.949,9.075,26.649,3.244,6.196,5.892,12.233,1.091,1.315,-8.586,2.072,2.695,-3.259,0.279,9.611,4.199,-0.929,3.889,12.600,3.865,2.249,2.189,7.126,2.178,0.376,0.740,-0.312,0.744,-0.604,0.103,-5.222,-1.169,-0.667,-3.661,-12.215,-4.365,-0.323,-2.626,86.788,6.488,22.917,-7.752,-12.067,-0.329,3.947,0.696,-19.549,-0.188,-2.188,-1.301,-10.481,-0.586,1.583,-1.527,-3.462,-0.933,1.410,-2.773,-0.807,-0.673,0.476,-5.413,18.231,-2.935,1.788,13.341,110.001,3.266,46.056,-12.082,27.765,0.620,32.343,-4.594,6.151,-0.595,5.004,-6.236,5.179,-0.607,1.059,-0.030,3.715,1.320,1.894,-1.001,19.138,7.951,1.992,14.051,66.871,20.558,1.747,-3.712,-10.683,-0.711,9.425,8.082,-16.190,-0.991,14.218,-8.382,9.494,-0.892,9.560,-9.545,8.069,0.250,3.144,-4.621,-9.325,3.974,3.288,6.432,-37.378,13.750,-0.929,-1.636,-86.457,13.063,-3.491,
-107.618,37.697,5.111,-19.294,-64.850,59.172,18.343,-26.137,-47.846,185.713,14.238,-33.846,77.641,184.711,8.870,22.546,255.774,-37.139,26.891,90.151,107.100,-246.671,12.903,9.994,-122.490,-223.928,-12.912,-20.743,18.116,103.227,8.848,-3.410,-17.604,-0.387,12.729,-20.549,-12.990,-54.052,7.419,-32.927,9.514,-63.528,10.324,-30.159,41.506,4.391,23.549,-6.378,22.608,-6.060,12.501,13.740,-3.338,-43.257,-2.904,-1.961,4.657,36.416,1.958,0.396,-1.855,0.292,1.836,-1.552,-1.765,-40.948,-0.967,-7.565,-3.619,-62.154,0.910,-18.001,-7.687,-49.724,3.070,-17.388,-3.128,-25.770,0.894,-9.137,-10.298,-8.579,1.213,-3.829,-14.184,-37.410,-2.355,2.343,-5.749,-9.737,-3.978,2.643,-1.278,-3.690,-1.763,0.819,-1.236,-5.593,-1.211,-0.523,-0.749,-9.056,-0.690,-2.025,-0.503,-13.371,-0.509,-2.415,4.245,-2.447,1.754,-0.780,-5.032,-44.115,-0.121,-10.215,5.755,8.252,-2.990,11.245,1.278,-3.803,-0.265,8.371,0.652,0.304,-0.093,2.522,0.599,15.994,1.708,0.681,5.512,34.014,10.339,-0.001,37.341,69.817,19.770,5.662,34.227,1.484,-0.587,10.896,40.940,4.372,-1.815,18.632,10.865,21.316,-0.881,3.390,2.531,36.196,2.346,-1.777,12.466,55.208,8.857,-0.784,17.808,59.047,17.740,-0.890,52.596,60.174,31.189,8.435,0.000,-33.616,-2.283,11.674,19.783,-49.297,-0.296,6.390,20.335,-10.355,-2.566,0.843,-9.948,-20.007,3.569,-0.933,-11.984,-76.565,14.810,-8.489,26.459,-107.341,14.429,-8.923,-3.305,-121.989,5.131,-7.325,
-1289.698,601.489,176.456,-265.063,-502.946,1079.573,188.118,-318.510,-364.697,2097.254,139.621,-333.160,-312.649,3149.715,58.685,-226.759,-37.139,4117.638,36.697,-13.539,662.910,3748.668,64.982,252.917,1199.619,2197.504,83.785,261.264,-149.235,130.544,35.807,-91.886,-191.381,-539.143,40.417,-192.720,-168.992,-1056.576,16.313,-317.954,-266.047,-1249.211,-3.255,-432.350,-344.980,-898.141,-16.406,-419.213,-195.740,-203.972,7.696,-135.452,130.040,348.620,52.436,15.464,-7.392,-33.313,-2.987,-2.454,-13.543,-161.313,-11.517,-16.491,-16.707,-422.830,-28.976,-61.093,-69.108,-694.140,-33.301,-161.935,-139.400,-827.496,-24.071,-206.701,-134.313,-693.380,-13.256,-147.792,-176.329,-423.459,-25.314,-68.323,37.893,-38.187,-18.736,20.830,21.110,-79.713,-27.507,14.790,5.110,-58.397,-19.074,-0.914,-9.543,-48.350,-11.515,-3.956,-6.625,-57.674,-4.219,-15.887,-6.227,-97.864,1.205,-19.442,-3.616,-39.208,9.699,-6.351,-62.727,-322.126,-13.855,-61.524,57.572,-133.286,-1.270,-9.384,22.793,-11.397,2.460,16.627,18.175,1.246,3.919,0.850,8.650,-3.076,4.660,-2.796,9.284,-13.687,2.015,-2.150,-23.654,-94.960,-13.497,1.544,4.549,-256.643,11.141,-113.757,64.787,-139.292,1.743,-106.723,1.747,-3.549,4.286,-15.541,7.340,43.527,1.151,-19.171,-10.450,52.025,-12.147,-10.901,20.554,24.536,-36.880,-3.052,48.467,-113.416,-121.284,0.041,156.949,337.731,5.783,13.627,-31.415,325.760,7.759,7.170,-52.261,246.027,8.079,-24.049,-117.291,319.151,-13.118,-48.044,-102.287,283.066,-31.421,-81.347,-66.201,298.801,-53.030,-29.381,302.661,473.218,46.627,-4.183,
-50.263,-27.204,-1.631,-1.550,-17.150,-9.422,2.901,-5.359,-9.383,13.979,6.656,-9.699,5.460,30.272,8.023,-3.773,26.891,36.697,16.768,-3.706,34.333,24.266,10.093,-8.627,21.661,4.084,-0.361,-3.576,10.725,39.225,3.807,-1.625,-3.170,12.252,4.844,-3.320,-0.958,-2.744,4.846,-5.759,2.915,-13.830,4.680,-8.068,1.222,-16.857,7.367,-11.439,-7.859,-25.898,3.266,-10.520,-9.525,-24.269,-2.356,-6.581,4.069,21.550,1.199,0.008,-0.231,8.351,1.696,-0.205,-0.323,-0.254,1.072,-0.923,-0.693,-8.164,0.501,-2.355,-2.087,-14.696,-0.027,-3.436,-3.664,-17.151,-0.708,-2.973,-6.054,-16.194,-1.357,-1.883,-4.644,-13.423,-0.623,-1.513,-1.695,-5.648,-0.600,-1.608,-0.797,-2.508,-0.305,-0.668,-0.332,-0.551,-0.231,-0.138,-0.148,0.986,0.084,-0.212,-0.074,1.952,1.377,-0.268,6.269,13.663,6.040,-0.102,-2.995,-23.887,0.516,-5.509,-1.491,-12.954,-0.369,-3.861,-0.903,-8.246,0.269,-2.394,0.632,-2.897,0.741,-1.853,0.889,4.531,1.929,-0.618,2.852,11.579,6.003,-0.138,10.299,20.786,10.587,1.799,7.736,-4.456,1.402,-0.648,4.436,-5.183,0.083,-4.560,-1.991,-2.528,0.888,-3.975,0.543,-1.398,1.849,-4.320,4.020,-0.201,4.202,-2.155,2.952,-1.062,5.572,-1.380,1.363,-2.365,2.311,0.049,19.078,20.194,0.253,5.682,4.609,25.046,1.162,2.639,-0.331,20.261,1.400,-1.141,-2.890,10.828,3.116,-4.906,-1.836,-9.018,4.081,-5.881,3.604,-21.035,1.957,-4.577,-18.853,-24.419,-1.146,-4.276,
-81.278,-17.340,12.564,-15.679,-29.768,118.847,13.505,-14.010,-33.968,207.025,3.302,1.014,36.555,170.299,-3.950,58.043,90.151,-13.539,-3.706,134.167,12.605,-197.490,-4.616,58.263,-151.016,-238.504,-10.088,-11.448,-38.107,-77.717,-2.537,-5.856,-19.776,-97.571,-1.843,-14.173,-20.794,-118.453,-4.145,-17.337,-16.111,-105.450,-2.238,-4.791,5.380,-33.702,3.825,35.141,20.167,-0.894,5.501,41.703,-9.955,-60.902,-2.126,3.854,-4.073,-20.520,-0.851,-0.193,-1.324,-20.505,-1.532,-1.522,-1.189,-41.642,-1.972,-5.496,-2.586,-54.583,-0.112,-12.865,-4.960,-44.001,2.233,-11.264,0.338,-23.603,3.181,-5.695,-9.385,-25.980,-0.162,-5.504,-10.020,-17.109,-2.287,3.592,0.314,0.989,-1.651,5.716,3.135,2.446,-0.260,3.481,0.613,0.190,0.115,0.030,0.055,-5.726,0.021,-1.423,-0.243,-11.868,-1.638,-1.703,-4.946,-19.130,-5.607,-0.624,-32.174,42.282,-0.183,26.422,-9.756,1.238,-1.933,20.897,0.060,-13.772,-0.333,9.749,-0.987,-6.997,-0.698,5.469,-1.156,0.545,-0.755,1.848,-1.136,6.239,-0.114,0.247,1.818,21.190,-1.630,4.456,-6.868,52.162,1.883,48.183,6.210,12.276,-1.206,48.785,0.684,7.056,-1.298,12.896,-8.131,12.822,0.068,5.301,-0.100,21.775,2.052,2.121,2.889,44.075,8.308,1.110,38.473,87.798,18.247,9.777,-35.300,-108.254,-1.597,9.073,25.562,-89.432,-1.949,28.952,2.390,-15.428,-4.374,13.983,-13.402,-1.817,-1.624,1.117,-7.947,-23.860,6.997,-2.471,-0.113,-38.001,14.711,-5.880,42.072,-39.366,27.273,5.038,
-255.919,157.165,50.150,-46.696,-120.135,116.604,45.808,-59.125,-76.676,309.775,45.744,-86.935,-23.890,521.765,24.058,-53.862,107.100,662.910,34.333,12.605,373.192,415.514,30.577,47.346,104.607,-32.136,0.438,15.587,33.969,273.519,27.443,-16.244,-30.251,7.769,27.076,-35.947,-21.106,-130.769,19.320,-61.940,-29.174,-196.857,12.006,-86.672,-35.381,-156.912,13.385,-82.414,-4.254,-83.874,11.523,-29.955,11.803,-83.746,1.259,-10.158,10.287,61.869,3.577,-0.067,-2.404,4.284,3.122,-2.374,-3.266,-55.860,-2.062,-10.712,-10.939,-113.654,-3.171,-28.866,-22.916,-146.236,-2.680,-38.571,-24.758,-136.481,-2.717,-28.293,-33.984,-87.102,-6.032,-13.769,-1.086,-34.030,-4.417,2.910,-1.404,-25.331,-6.151,-1.312,-0.149,-15.064,-3.879,-2.154,-2.418,-11.304,-2.627,-0.787,-1.444,-10.285,-1.103,-2.656,-1.046,-14.691,1.594,-3.306,15.177,9.367,11.562,-1.197,11.636,-203.855,-2.076,-45.579,30.357,-45.306,-1.408,-15.726,3.475,-30.724,0.577,-4.735,1.217,-17.386,1.038,-5.750,1.645,1.059,3.679,-2.194,6.863,20.777,13.645,-0.548,26.534,37.458,22.576,3.572,42.764,-164.727,1.278,-53.073,72.519,-44.134,-0.227,-27.156,-4.305,-2.887,0.683,-13.085,2.253,13.951,2.971,-14.180,3.313,27.846,8.313,-7.732,6.077,37.496,11.714,-4.822,45.250,17.049,-0.232,-2.284,54.242,2.211,3.817,10.883,29.703,66.970,0.893,10.069,-13.272,99.131,-2.211,-4.710,-22.996,73.425,8.751,-20.737,-21.923,14.005,12.941,-30.265,-6.005,-44.084,5.113,-15.647,-6.993,16.112,14.710,-10.518,
-1115.824,221.513,133.717,-239.748,-379.107,611.751,161.432,-293.740,-305.842,1489.144,128.575,-331.980,-336.066,2448.581,67.417,-276.620,-246.671,3748.668,24.266,-197.490,415.514,4436.638,56.284,175.239,1712.792,3270.355,121.200,336.962,-42.567,331.044,45.854,-70.299,-142.659,-274.307,50.231,-149.963,-115.962,-714.080,28.441,-257.898,-210.945,-938.671,3.263,-365.732,-339.224,-719.913,-23.289,-406.273,-231.493,-1.906,1.289,-160.474,218.489,747.862,84.192,33.038,3.503,23.672,-0.550,-2.920,-10.343,-102.789,-5.628,-13.392,-13.246,-304.602,-19.100,-44.854,-54.327,-521.970,-26.820,-118.019,-110.754,-656.899,-20.255,-160.573,-122.839,-571.366,-12.522,-121.013,-160.992,-342.569,-16.841,-57.410,51.589,-13.358,-12.905,-0.093,14.158,-91.398,-19.485,-11.658,-10.160,-65.570,-15.503,-13.688,-9.751,-45.617,-9.059,-4.961,-5.216,-53.519,-4.314,-11.094,-5.843,-89.124,-3.792,-13.823,7.349,-77.131,-0.892,-4.770,-88.157,-382.177,-19.671,-102.511,65.917,-138.473,3.074,-66.468,7.987,-28.845,0.544,-20.901,-1.123,-18.646,-0.881,-15.306,0.763,-48.543,-4.366,-7.534,3.963,-90.141,-17.395,-3.244,-46.873,-218.566,-49.042,-8.707,-158.250,-362.704,8.944,-180.661,50.193,-178.941,2.770,-162.051,0.045,-69.247,0.549,-29.142,-13.694,-74.281,-7.119,-34.127,-49.628,-95.883,-28.801,-17.860,-18.230,-121.310,-54.452,-9.007,-46.649,-259.864,-142.401,-21.376,154.119,480.895,11.244,-22.931,-34.887,457.247,6.213,4.504,-40.165,315.508,15.359,-10.039,-119.930,434.504,-12.449,-33.865,-82.405,466.636,-38.101,-69.599,-76.623,525.116,-64.176,-37.898,222.715,514.743,45.851,-14.376,
-46.010,-61.959,-0.736,-4.702,-8.442,-13.652,3.972,-5.296,-6.816,22.721,7.267,-7.720,-0.097,45.736,5.460,-3.548,12.903,64.982,10.093,-4.616,30.577,56.284,14.081,-6.621,26.219,21.105,5.846,1.707,2.864,8.165,2.523,-2.303,-2.968,-4.741,2.837,-3.542,-1.470,-18.163,3.298,-5.884,2.494,-26.550,2.881,-8.539,0.651,-22.924,6.685,-12.039,-7.415,-23.337,4.943,-10.581,-9.314,-18.978,2.599,-6.282,2.891,14.500,0.803,-0.095,-0.238,4.592,1.082,-0.315,-0.334,-2.153,0.624,-0.954,-0.629,-9.222,0.480,-2.480,-2.058,-15.709,0.065,-3.643,-3.758,-17.919,-0.625,-3.113,-6.184,-16.113,-1.313,-1.907,-2.928,-11.428,-0.655,-1.263,-1.352,-5.667,-0.620,-1.267,-0.672,-2.397,-0.315,-0.647,-0.343,-0.986,-0.238,-0.143,-0.153,-0.189,-0.038,-0.219,-0.118,0.024,0.702,-0.277,4.550,7.042,3.702,-0.105,-1.682,-13.654,0.130,-4.417,-1.574,-15.007,-0.381,-4.609,-1.380,-10.978,0.111,-3.385,-0.232,-4.870,0.349,-2.008,0.449,3.246,1.391,-0.639,2.266,12.316,5.001,-0.143,10.222,26.314,8.244,2.001,16.164,9.631,0.860,2.872,2.837,-7.077,-0.078,-5.939,-4.871,-4.071,0.440,-6.083,-1.232,-1.005,1.731,-5.025,3.110,2.520,4.100,-2.730,2.551,3.570,5.823,-1.321,6.525,7.417,3.658,1.207,28.116,20.434,0.675,7.308,6.152,35.553,0.530,4.484,-7.758,29.160,0.460,-0.950,-9.002,17.678,2.654,-6.432,-2.140,-9.237,5.680,-7.135,10.433,-31.224,2.910,-4.456,-24.745,-59.482,-2.080,-4.109,
-64.260,101.567,25.081,-20.489,-46.747,114.994,19.707,-29.964,-31.397,180.793,9.762,-22.987,-17.283,241.164,-2.334,-1.524,9.994,252.917,-8.627,58.263,47.346,175.239,-6.621,98.587,-0.417,45.597,-1.220,41.627,-14.023,30.379,4.872,-4.496,-17.232,-45.425,5.445,-15.039,-17.331,-89.757,-0.064,-23.521,-25.551,-99.026,-2.690,-27.043,-28.329,-54.870,-3.585,-0.498,3.647,46.865,2.171,45.064,42.089,71.068,6.914,29.314,-3.106,-13.409,-0.711,-0.194,-1.128,-17.328,-1.610,-1.188,-1.355,-37.530,-2.609,-4.902,-4.937,-56.677,-2.290,-13.159,-9.179,-60.164,-0.329,-15.632,-3.145,-38.291,2.231,-9.646,-5.904,-17.118,0.332,-5.044,-6.587,-4.875,-1.577,3.613,-0.047,-3.990,-1.986,2.994,1.354,-1.789,-1.093,1.454,-0.283,-2.753,-0.578,-0.135,-0.163,-6.305,-0.386,-1.222,-0.130,-10.500,-1.368,-1.508,-4.049,-18.361,-4.662,-0.566,-46.356,-19.287,-0.627,5.713,-2.282,3.962,-0.135,6.918,-0.243,0.716,-0.137,7.877,-0.630,1.743,-0.560,4.586,-0.286,-5.213,-1.153,1.336,-3.947,-14.536,-4.149,-0.035,-16.026,-42.038,-10.079,-0.292,-52.134,-64.381,-0.050,3.025,8.602,-6.499,-0.233,18.076,0.188,1.143,-1.052,13.553,-5.637,-6.611,-0.705,6.712,-5.999,-11.374,-2.195,3.774,-5.618,0.698,-5.356,1.960,-36.623,3.687,-16.132,0.787,-46.381,-99.194,0.597,-0.990,2.837,-68.363,-1.004,20.860,-7.156,-13.859,-2.412,11.703,-6.426,19.346,-1.728,3.189,-0.879,36.788,-2.968,-0.170,-5.659,46.908,-1.968,1.184,17.548,124.306,10.607,12.289,
-435.127,-177.106,39.033,-96.968,-107.063,-102.179,57.737,-113.419,-108.418,239.870,53.351,-147.651,-147.147,649.587,40.541,-150.898,-122.490,1199.619,21.661,-151.016,104.607,1712.792,26.219,-0.417,1210.540,1777.881,79.330,136.427,91.686,447.383,33.987,-22.306,-30.115,179.053,41.199,-50.071,-21.789,6.734,31.230,-86.248,-66.522,-135.423,17.188,-127.295,-113.469,-152.024,-7.300,-156.141,-82.903,68.628,0.336,-86.024,171.930,420.877,59.712,-18.194,13.284,99.420,2.769,-1.270,-3.481,13.953,3.294,-4.529,-4.652,-68.169,0.414,-13.848,-18.473,-149.199,-7.699,-35.863,-34.823,-199.659,-7.370,-50.325,-41.575,-181.978,-5.378,-40.599,-66.710,-137.332,-5.727,-23.326,19.297,-45.566,-4.784,-10.693,6.074,-44.462,-4.607,-13.029,-5.564,-30.429,-4.568,-8.400,-4.113,-19.078,-3.148,-2.089,-1.989,-20.596,-2.146,-3.203,-2.279,-32.771,-2.465,-4.039,8.564,-35.773,-0.954,-1.532,-41.958,-222.920,-12.579,-69.558,40.183,-68.977,2.974,-41.744,6.043,3.973,-0.197,-14.027,-1.889,-18.452,-1.393,-14.900,-3.673,-32.026,-3.242,-7.125,2.416,-34.816,-8.503,-1.644,-8.024,-90.097,-17.034,-5.277,-77.964,-166.743,-1.727,-78.169,25.270,-117.104,0.715,-77.610,21.544,-18.890,-0.266,-15.651,16.964,-18.337,-3.968,-17.953,-21.961,-28.517,-12.305,-12.881,-16.291,-44.728,-20.535,-9.052,-43.090,-102.485,-63.244,-8.531,55.146,180.272,1.417,-20.104,7.980,176.390,2.004,-5.191,12.494,83.463,7.654,-6.181,-50.785,155.903,-0.553,-12.262,-43.370,219.929,-13.774,-36.895,-26.386,253.203,-33.401,-22.437,76.373,159.809,1.124,-1.462,
-652.175,-514.108,23.836,-182.153,-148.966,13.829,83.690,-185.381,-200.937,713.031,48.799,-225.284,-283.340,1330.890,36.477,-245.692,-223.928,2197.504,4.084,-238.504,-32.136,3270.355,21.105,45.597,1777.881,3955.352,127.928,334.763,52.616,355.900,31.809,-41.463,-69.989,16.964,38.070,-85.132,-56.087,-219.867,19.458,-148.511,-123.527,-362.546,2.155,-214.187,-209.446,-312.134,-21.931,-261.403,-193.295,210.356,-8.755,-114.746,293.828,1241.692,128.059,62.655,0.651,44.958,-1.873,-2.445,-6.115,-47.738,-3.465,-8.235,-7.754,-174.668,-8.722,-24.686,-30.175,-290.069,-15.443,-63.480,-61.345,-358.125,-8.829,-88.158,-75.301,-312.015,-7.075,-68.237,-102.449,-167.250,0.640,-35.794,63.130,39.498,7.801,-9.466,25.967,-32.108,-1.660,-18.892,-8.866,-51.034,-8.252,-14.159,-6.663,-28.888,-4.815,-3.575,-3.035,-34.724,-2.909,-5.840,-3.939,-59.616,-5.630,-7.364,-7.423,-87.555,-14.404,-2.793,26.811,23.237,-9.156,-22.283,48.411,8.284,9.504,-11.835,-9.093,64.356,-0.750,-6.305,-7.364,10.832,-2.539,-8.108,-3.335,-52.235,-7.912,-6.435,-7.959,-117.415,-30.397,-2.642,-77.569,-304.972,-73.860,-11.232,-172.484,-99.273,-2.589,-59.755,-23.210,-73.122,2.446,-79.097,3.866,27.575,-0.803,22.128,-13.548,8.742,-14.091,1.212,-52.106,-66.503,-42.120,-4.685,-43.748,-140.692,-68.152,-0.639,-168.828,-389.916,-156.374,-18.120,-118.531,186.879,3.147,-72.880,-60.457,210.610,7.060,-36.246,31.377,-5.375,19.339,12.744,-53.934,159.557,-26.642,39.844,-54.875,368.220,-70.080,-4.144,-57.674,536.712,-102.780,-18.137,191.001,257.674,-97.922,24.297,
-45.012,-72.047,0.894,-6.280,-6.192,-28.813,2.128,-8.339,-5.949,18.967,4.057,-9.947,-11.209,45.686,4.339,-9.482,-12.912,83.785,-0.361,-10.088,0.438,121.200,5.846,-1.220,79.330,127.928,20.868,13.059,0.756,-2.354,1.358,-1.134,-1.321,0.017,2.119,-2.712,-3.044,-8.212,1.055,-5.410,-4.413,-19.113,0.883,-7.684,-7.655,-19.648,-0.993,-9.539,-4.369,-3.046,1.170,-6.212,2.561,23.170,16.149,-3.352,0.460,1.006,0.113,-0.077,-0.191,-1.230,0.072,-0.253,-0.268,-4.551,-0.137,-0.765,-1.156,-9.636,-0.525,-1.990,-2.212,-13.856,-0.733,-2.791,-2.822,-12.343,-0.394,-2.364,-4.871,-10.757,-0.575,-1.523,5.200,4.116,-0.278,-0.438,0.903,-3.149,-0.498,-0.492,-0.558,-2.071,-0.253,-0.515,-0.276,-1.148,-0.191,-0.115,-0.122,-1.186,-0.138,-0.176,-0.130,-1.790,-0.116,-0.222,0.880,-1.567,0.175,-0.084,11.117,16.315,-0.799,2.535,4.657,-4.472,-0.306,2.075,-0.449,-6.440,-0.054,-0.551,-1.333,-4.650,-0.077,-1.411,-0.473,-1.345,0.053,-0.513,0.707,-0.188,0.043,-0.115,3.087,2.322,-0.180,0.134,9.067,12.870,0.061,8.196,4.645,-7.160,-0.168,3.467,1.878,-4.538,-0.044,2.414,-2.095,-3.242,-0.031,-2.333,-3.798,-4.632,-0.259,-2.102,-0.553,-6.926,-0.022,-0.918,-0.006,-13.258,-2.464,0.340,-7.618,-8.828,0.867,1.473,9.305,-2.601,-0.053,7.367,1.883,2.505,-0.562,6.687,-7.125,13.795,-0.669,2.079,-6.382,16.168,-0.166,-4.315,9.309,-0.337,-1.710,-3.128,-14.948,-64.724,-0.749,-2.247,
-67.343,-65.876,5.125,-18.333,-15.458,-5.480,9.305,-22.319,-16.478,98.961,6.120,-23.727,-27.323,175.348,-1.531,-21.714,-20.743,261.264,-3.576,-11.448,15.587,336.962,1.707,41.627,136.427,334.763,13.059,82.972,-4.834,35.802,3.727,-3.500,-10.895,-13.546,3.208,-9.724,-5.977,-43.079,1.339,-17.806,-15.184,-50.794,-1.454,-24.340,-26.307,-33.745,-3.200,-22.337,-11.579,46.042,0.804,11.141,61.534,199.187,23.295,39.418,-1.502,-4.948,-0.495,-0.317,-0.801,-11.399,-1.174,-1.068,-1.079,-24.232,-1.813,-3.220,-3.827,-36.654,-2.053,-8.280,-7.259,-40.926,-0.120,-11.023,-6.079,-28.641,0.836,-7.716,-7.248,0.260,2.512,-3.101,3.441,11.589,0.536,1.315,0.043,-3.924,-0.746,-1.274,-1.864,-3.970,-1.090,-1.613,-0.957,-3.638,-0.701,-0.467,-0.323,-4.638,-0.456,-0.767,-0.301,-7.341,-0.845,-0.968,-2.569,-12.790,-2.869,-0.367,-14.105,10.257,-1.063,-0.389,2.736,8.152,0.860,1.213,-1.899,11.577,-0.139,1.590,-1.106,6.463,-0.334,2.031,0.425,-5.962,-1.324,0.737,-2.926,-19.018,-4.717,-0.300,-17.615,-55.610,-10.132,-1.937,-39.618,-25.887,-0.637,-6.789,4.151,-7.533,-0.290,-0.388,1.881,-6.365,-0.334,10.731,-2.584,-20.210,-1.381,4.484,-6.992,-28.125,-4.787,3.850,-7.537,-23.875,-9.946,0.928,-53.104,-63.989,-24.754,-2.120,-33.591,-23.792,-0.508,-1.590,-16.007,-21.353,-0.195,7.815,-0.148,-16.374,0.986,14.111,4.616,17.272,-3.060,12.254,-5.433,54.749,-9.031,0.427,9.048,43.113,-11.952,0.846,-9.851,30.791,-18.965,9.752,
