6785.299,2692.956,96.762,415.540,-349.148,-384.539,-2.456,-153.958,-2012.602,-590.098,-25.673,-308.597,-521.476,-34.139,-77.340,-46.759,-585.727,-44.829,-363.144,-13.084,-849.613,-428.411,-533.772,-12.422,-1144.825,-837.665,-425.640,-10.255,3692.723,-209.168,46.265,7.319,219.514,-254.712,17.703,-135.035,-1743.189,-219.991,50.736,-281.574,-647.110,134.865,-8.421,-61.648,-307.807,297.217,-391.364,20.866,-198.994,65.152,-526.604,10.223,-141.265,-158.872,-270.669,37.207,2561.510,452.561,44.039,162.458,401.048,266.727,76.465,56.891,-1314.040,140.630,253.057,-327.874,-569.016,54.696,9.385,-144.428,-186.779,173.417,-258.385,33.635,-15.748,260.308,-108.303,2.312,34.401,147.322,-12.046,36.435,1445.394,476.222,-4.172,200.791,408.177,261.698,-123.743,175.594,-463.235,81.485,-23.567,-59.943,-344.140,111.012,-1.080,-71.335,-111.804,227.914,33.858,6.332,5.807,129.356,72.114,6.794,-4.090,63.665,18.464,-1.411,632.577,-423.840,-206.534,45.335,233.142,-231.488,-280.347,80.597,17.273,41.665,-85.043,27.736,-173.414,65.098,21.751,-8.651,-57.648,28.946,12.812,1.150,-2.868,-37.838,-21.728,0.000,-52.712,-171.304,-28.893,-2.752,218.964,-626.185,-141.922,-116.473,275.684,-23.655,38.030,-23.998,-20.212,-102.677,29.893,13.549,-119.671,-284.411,-24.388,3.786,-50.878,-280.778,-35.660,-15.528,-30.720,-265.223,-64.012,-10.600,-111.867,-223.794,-39.360,-72.866,220.614,-82.795,12.899,-0.125,194.286,275.822,36.375,99.657,-36.986,409.210,12.548,106.997,-25.216,479.381,-8.509,-30.859,-44.116,523.009,-31.366,-36.248,-114.525,565.733,21.917,-34.252,40.191,993.562,182.095,-30.247,
2692.956,5280.301,41.201,920.973,-955.840,405.061,-21.918,314.476,-1603.805,-361.140,-28.610,-126.497,-359.466,-55.176,-26.090,-31.321,79.436,21.952,97.789,3.183,363.625,1.053,45.542,26.232,-62.711,-318.849,-182.927,31.345,591.326,479.190,-15.754,264.621,-121.305,516.669,-11.917,485.211,-899.469,221.429,-51.525,262.948,-292.075,33.539,10.250,12.237,198.676,-35.662,166.598,8.842,119.797,-104.828,-109.702,-11.156,-58.747,-131.103,-123.382,23.707,-133.505,-191.866,-24.994,-45.725,-101.125,108.673,-71.024,215.572,-398.640,22.838,-40.398,200.141,-70.995,-275.391,176.457,-14.091,73.427,-311.689,70.341,-20.642,-4.553,-155.323,-45.707,-20.029,-48.291,1.772,-7.745,18.489,-202.356,-384.693,-133.373,-51.866,14.152,-464.128,-256.402,16.794,309.218,-415.607,32.401,35.090,96.274,-243.623,219.450,-13.656,-33.589,-172.877,72.533,-1.160,-20.655,-86.402,-14.027,-5.649,-18.908,-2.328,6.696,-3.330,-619.540,-1017.000,-446.756,1.685,509.896,-521.484,-313.978,7.458,840.262,-145.899,137.739,8.619,91.356,-32.620,127.763,7.654,-46.877,-8.941,7.075,4.252,3.613,16.921,12.018,0.000,29.175,87.113,44.146,8.671,-1274.695,-1160.569,-268.476,-235.579,749.129,-284.191,-35.556,15.541,887.152,-5.924,72.207,242.584,10.831,-14.158,-0.439,103.499,-11.306,-89.982,-13.887,24.019,40.337,-141.152,6.027,8.232,-75.523,-209.226,54.173,2.177,-978.295,-1514.944,-9.224,-514.874,287.248,-1490.965,2.437,-146.253,556.380,-1139.019,-3.035,489.148,110.802,-230.513,-23.055,298.475,39.852,100.586,-62.920,115.273,33.299,205.410,-64.863,40.418,-77.902,507.567,-44.330,53.852,
96.762,41.201,53.724,-11.577,9.588,27.094,11.193,-7.963,-42.171,-9.090,-0.638,-7.697,-9.511,-4.914,-2.340,-1.177,-4.008,-11.137,-6.505,0.366,-24.792,-19.653,-15.985,0.460,-44.500,-38.732,-15.949,-0.694,147.465,1.851,11.124,-4.713,-38.211,-22.359,2.311,-10.150,-57.358,-19.560,-3.542,-6.769,-12.530,-13.839,-9.106,-0.996,0.237,-20.712,-9.707,-0.186,-3.675,-26.550,-22.941,-0.978,-15.891,-12.592,-13.149,1.884,112.811,55.906,0.917,18.064,-34.636,19.612,-1.313,6.444,-45.940,0.577,2.730,-4.359,-9.118,8.120,1.418,-2.085,1.977,2.522,-10.220,4.447,4.924,-7.401,-16.462,1.115,0.664,16.249,2.049,1.616,25.300,45.174,-1.628,18.512,-0.987,40.622,-1.186,15.577,-18.882,15.854,6.029,2.657,-6.448,6.444,3.795,-2.234,-3.445,15.862,-3.040,0.651,2.478,18.664,2.562,0.907,5.575,20.405,5.585,0.364,-18.813,6.577,2.133,5.313,-1.849,3.150,-1.772,3.730,-5.126,-1.260,5.912,1.441,-5.399,8.813,4.624,0.093,-2.355,10.892,3.614,0.168,-0.009,6.910,2.418,0.000,1.392,9.107,9.096,-1.523,5.850,-11.647,0.507,-4.196,3.873,-6.519,4.710,-5.342,-3.904,-19.430,4.580,1.495,-2.552,-18.702,1.933,1.132,-0.156,-11.471,2.330,0.052,4.182,3.603,3.538,0.699,-9.028,9.774,12.979,-3.556,42.932,16.945,0.115,5.626,-1.180,26.524,1.682,-0.225,-4.043,8.670,4.715,8.298,1.647,-7.852,6.140,-0.958,11.957,-17.670,4.485,-3.593,9.893,-34.674,2.648,-1.638,-38.069,-83.567,7.020,-3.387,
415.540,920.973,-11.577,333.737,-319.089,-38.050,-12.473,100.561,-348.920,-95.474,-5.199,-26.372,-53.064,-8.124,1.230,-6.834,50.462,21.191,37.086,5.143,98.203,19.906,40.026,12.856,18.798,-46.256,-11.782,8.798,-44.667,96.162,-11.572,110.890,-10.724,113.336,-5.815,180.592,-199.200,34.357,-9.804,91.191,-40.065,-8.190,22.568,10.090,75.923,-11.314,82.012,5.262,37.311,-14.770,23.971,-0.234,-1.842,-38.274,-12.409,0.044,-169.251,-95.598,-6.928,-17.029,-1.519,11.247,-13.843,90.528,-64.047,-5.545,-4.351,106.459,19.447,-84.247,58.608,22.881,46.756,-106.161,60.919,-8.032,-12.917,-71.861,-10.675,-5.638,-20.708,-50.069,-7.966,-1.916,-115.185,-126.449,-20.497,-26.762,-28.909,-129.443,-37.069,1.463,67.224,-120.639,20.432,20.061,55.822,-98.470,73.942,3.941,14.007,-95.233,5.328,-0.674,-10.358,-59.353,-17.494,-1.846,-11.551,-32.491,-7.575,-1.348,-145.169,-219.887,-84.735,-4.298,59.169,-133.301,-42.896,-1.287,174.512,-60.868,55.942,1.735,44.389,-32.938,34.010,1.603,-4.044,-15.730,-2.749,0.962,0.972,5.336,1.386,0.000,6.995,40.441,3.420,5.651,-284.638,-250.517,-58.900,-35.697,133.520,-81.902,-6.906,2.861,183.830,12.643,25.606,52.585,18.514,49.858,5.572,26.694,-4.174,59.572,4.030,6.057,2.084,45.568,13.219,1.929,-5.719,43.881,34.348,18.930,-263.484,-361.772,-2.258,-109.710,62.438,-357.338,-1.786,-29.192,103.388,-296.286,-1.955,100.615,7.272,-115.133,8.177,65.586,1.697,-68.660,11.847,22.168,-4.445,-24.578,3.121,6.307,-27.451,37.351,9.524,29.355,
-349.148,-955.840,9.588,-319.089,2263.956,675.531,27.418,107.851,1132.594,258.978,-6.573,100.132,-87.975,-14.409,-88.861,0.116,-543.521,-162.748,-344.920,-14.042,-722.632,-287.949,-389.991,-15.299,-678.014,-327.931,-223.164,-14.709,-470.032,-1078.703,14.905,-418.271,1066.405,-352.996,6.167,-250.205,933.132,-82.281,-51.982,-75.944,-86.624,-56.944,-211.089,-12.980,-371.132,179.742,-255.194,-5.832,-80.713,329.061,-9.532,6.061,147.821,249.102,43.100,-0.748,-114.433,-418.484,7.161,-218.838,566.385,-425.006,-24.232,-290.450,640.073,-188.502,-101.626,-108.260,-175.172,231.404,-25.420,-20.696,-227.208,527.275,144.727,10.965,-7.593,442.384,208.340,4.742,113.723,268.798,107.128,-7.216,62.339,168.124,35.281,-19.089,252.954,168.220,102.654,-65.897,-6.853,199.390,36.141,-42.862,-238.518,377.498,94.008,-7.216,-124.169,303.516,109.592,5.480,6.194,165.076,60.144,2.513,24.143,54.378,13.771,2.276,342.092,747.264,222.197,8.741,-34.973,420.483,178.967,-0.457,-393.762,218.283,9.105,-19.004,-256.223,76.530,-67.176,-8.874,-48.692,17.593,-13.465,-1.079,-3.384,-42.916,-15.031,0.000,-52.035,-168.034,-58.356,-11.105,750.984,780.621,145.377,95.129,-137.175,285.443,45.445,22.027,-443.143,21.362,-58.229,-81.323,-181.391,-104.835,-48.278,-65.030,-42.142,-147.517,-40.493,-17.726,-36.910,-165.871,-32.858,-1.177,-67.980,-59.104,-54.173,-42.950,539.081,962.333,1.537,272.568,-140.535,865.649,-3.813,196.171,-307.945,876.920,-11.924,-116.799,-144.246,575.620,-46.428,-168.596,-96.923,427.327,-32.537,-68.523,-46.447,329.665,49.259,-9.259,-44.438,396.844,146.557,-35.240,
-384.539,405.061,27.094,-38.050,675.531,948.717,30.369,196.167,452.664,246.625,-7.589,105.228,-49.397,-15.989,-38.675,1.022,-143.967,-34.169,-87.414,-7.922,-123.478,-13.031,-90.744,-10.253,-122.389,-12.353,-70.289,-2.553,-630.211,-343.183,9.156,-173.372,221.742,42.225,-1.286,4.925,526.019,123.958,-48.522,144.433,34.708,-0.742,-113.258,22.086,-82.892,22.039,-83.114,-2.767,16.786,122.058,-19.075,-4.119,57.667,221.356,16.625,0.453,-437.892,-274.269,-9.189,-136.361,-5.283,-237.467,-32.283,-155.472,373.989,-137.786,-107.947,25.261,26.989,84.264,-58.572,28.736,-61.403,213.194,60.325,-3.872,19.756,194.931,64.589,-0.231,43.642,214.714,32.650,1.089,-196.933,-54.325,-18.653,-48.206,12.019,-64.158,-3.408,-70.936,105.992,-32.278,25.828,-23.369,-31.739,136.067,57.128,2.211,-51.536,131.431,44.686,0.742,-1.383,82.306,25.039,0.889,17.433,61.486,13.125,4.272,-97.306,230.028,15.228,-0.928,73.744,121.686,23.578,-4.819,45.350,93.322,45.017,-3.406,-78.186,47.219,1.636,0.458,-28.722,34.208,3.889,0.747,-1.078,16.961,9.800,0.000,-5.694,28.144,5.500,-0.056,-7.147,245.803,24.017,5.750,69.586,33.011,5.003,10.378,29.717,11.689,-6.389,21.239,-58.553,11.806,-14.558,0.161,-10.411,-30.486,-6.903,3.533,12.081,-56.447,6.456,3.867,-17.919,-39.561,17.147,-20.083,94.411,149.692,-4.317,0.831,-3.111,35.219,-1.964,5.244,28.064,98.719,0.894,-5.083,-10.833,104.856,-32.322,-20.200,24.592,53.783,-2.508,15.506,66.661,35.100,7.414,16.519,-111.881,-0.781,-29.814,-2.753,
-2.456,-21.918,11.193,-12.473,27.418,30.369,10.114,-4.222,13.529,7.443,1.442,-1.086,-0.714,-1.283,-1.692,0.246,-12.345,-6.547,-8.163,-0.327,-18.727,-11.715,-6.659,-1.050,-15.182,-4.936,-1.306,-0.955,31.173,-2.961,6.554,-8.563,3.258,-9.861,2.575,-11.011,-4.351,-8.885,-1.740,-5.164,-4.132,-8.092,-7.724,-0.648,-6.679,-8.913,-8.401,-0.422,-3.940,-6.333,-2.253,-0.743,-3.573,2.334,2.012,-0.148,40.230,16.373,1.794,2.487,1.196,-0.284,-1.503,-6.284,-4.973,-10.308,-3.551,-7.027,-4.427,-2.458,-6.252,-1.213,-2.236,3.808,-0.495,-0.248,2.291,3.956,-2.267,-0.014,0.534,9.630,0.327,1.372,10.526,21.372,-2.615,7.201,3.750,15.850,-4.741,5.733,-4.596,10.940,-2.840,0.044,-2.446,12.342,2.112,-0.621,-2.777,15.827,2.759,0.112,-0.246,13.938,3.603,0.921,3.123,16.161,2.121,1.227,-11.903,8.637,0.312,0.803,0.050,11.024,1.054,3.678,-7.263,10.063,2.488,1.304,-4.473,10.567,3.826,-0.280,-1.066,8.270,4.199,-0.048,-0.051,4.395,1.724,0.000,-1.342,-0.449,1.286,-0.507,5.459,6.299,3.609,-2.723,1.734,2.079,4.006,-2.551,-7.118,-6.734,2.949,-1.875,-3.247,-12.039,0.851,-1.551,-0.249,-10.211,-0.804,-0.641,0.971,-6.535,-1.079,-0.285,-4.320,-5.288,0.025,-2.338,28.083,21.438,0.513,4.999,-0.404,20.647,1.543,3.666,-3.310,19.354,2.187,0.598,-1.861,9.703,0.029,-4.057,2.799,5.068,0.874,-1.991,0.311,2.760,1.239,-1.413,-9.503,1.720,2.948,-4.777,
-153.958,314.476,-7.963,100.561,107.851,196.167,-4.222,139.674,57.327,30.784,-4.241,46.702,-18.912,-3.616,-4.785,-1.766,-7.715,18.353,3.302,0.328,13.210,38.897,3.005,5.740,-6.686,-20.826,-17.786,4.946,-349.823,-96.330,-7.421,-12.251,53.338,50.514,-3.999,81.362,166.186,61.816,-12.985,96.669,14.081,6.718,-2.590,13.237,9.234,10.541,38.642,0.943,25.119,32.654,29.170,1.237,16.635,26.412,-5.323,1.541,-289.610,-142.776,-4.600,-54.665,-20.057,-94.202,-7.498,-13.820,141.285,-40.788,-23.611,61.476,28.813,-3.019,21.554,23.645,-0.696,-5.339,48.614,-3.476,-5.907,-10.671,14.094,-2.555,-5.503,-0.002,-0.511,-3.503,-141.378,-66.612,1.315,-28.011,-19.775,-79.471,15.820,-25.807,57.655,-70.845,20.220,-0.220,14.129,-25.920,30.725,4.989,-6.163,-34.440,2.823,0.533,-6.239,-27.001,-9.588,0.037,-6.007,-28.643,-5.320,-1.168,-63.948,11.672,-0.533,-1.352,36.323,-18.690,5.992,-2.983,56.565,-26.944,16.772,-0.190,-1.740,-14.909,2.855,1.334,-6.461,-7.525,-3.271,0.733,0.018,-2.692,1.075,0.000,2.154,9.309,-1.869,2.639,-92.093,6.945,-7.758,7.596,33.852,-13.079,-7.143,13.020,59.468,17.043,3.518,26.642,-3.253,56.166,-2.246,11.927,-4.239,39.055,0.483,4.968,0.392,17.773,6.483,2.886,-1.896,13.479,10.424,5.486,-113.134,-95.065,-2.609,-32.175,3.090,-130.439,-0.991,-3.643,31.080,-108.277,-2.537,31.263,-3.304,-55.282,-7.072,20.813,-4.200,-29.324,-4.500,12.917,4.927,-6.331,-2.016,10.805,-10.047,66.121,-0.375,22.736,
-2012.602,-1603.805,-42.171,-348.920,1132.594,452.664,13.529,57.327,1933.821,501.051,22.123,237.807,297.524,25.442,-39.938,44.039,-287.501,-101.175,-178.435,-8.590,-408.694,-80.874,-157.999,-17.534,-239.493,-46.988,-88.302,-9.531,-1350.981,-743.919,-14.991,-289.767,328.363,-288.062,-7.680,-225.576,1498.051,-0.360,-35.043,3.392,312.866,-58.612,-182.805,19.366,-234.939,27.576,-135.281,-7.004,-95.843,262.637,129.276,13.991,139.050,407.108,118.371,7.695,-817.828,-437.165,-17.200,-187.932,65.094,-444.112,-38.403,-279.197,972.606,-244.620,-162.169,-26.789,136.223,195.853,-130.331,52.567,-149.095,425.092,167.677,-8.165,-26.752,392.472,258.070,13.302,92.712,284.385,112.878,3.525,-406.348,-50.060,27.357,-72.794,-23.162,68.195,115.475,-120.530,169.340,125.046,11.550,-26.441,-72.213,299.309,22.757,20.670,-69.597,238.995,84.430,-2.078,0.691,110.669,44.998,-0.033,17.884,26.318,7.733,4.081,30.654,635.312,241.255,-13.298,-139.743,448.736,230.744,-26.920,-271.666,201.644,21.452,-17.731,-136.950,55.704,-60.119,-4.983,-23.216,13.281,-9.734,-1.124,-2.263,-16.244,-3.043,0.000,-25.995,-69.323,-34.203,-6.839,516.720,748.926,170.412,112.512,-216.875,180.079,16.972,8.162,-322.945,31.270,-50.369,-77.255,-105.641,19.797,-25.414,-48.695,-17.334,9.667,-14.662,-10.223,-14.581,6.472,-12.844,1.769,12.007,75.025,-14.578,-10.360,415.021,756.375,-0.702,221.586,-120.157,658.215,-8.663,91.572,-181.119,633.312,-16.215,-184.905,-99.557,295.635,-37.894,-143.189,-40.175,102.621,6.477,-52.235,20.271,36.341,17.849,-8.543,-2.935,-16.422,42.708,-8.086,
-590.098,-361.140,-9.090,-95.474,258.978,246.625,7.443,30.784,501.051,214.088,5.877,80.481,109.126,14.342,-9.412,15.411,-50.999,-18.013,-33.687,-2.710,-67.456,7.740,-24.468,-5.083,-17.174,32.955,-13.320,-1.702,-429.085,-194.737,-2.798,-83.300,10.098,-44.416,-2.225,-51.524,411.476,39.065,-12.135,35.131,142.867,7.789,-52.423,14.984,-46.283,10.069,-41.897,-1.807,-21.307,71.529,17.540,1.009,40.561,146.931,36.612,0.961,-272.894,-129.046,-4.961,-56.784,-61.289,-130.488,-9.292,-92.692,259.927,-79.475,-52.248,-10.300,80.355,60.219,-61.985,24.133,-31.344,127.764,22.412,-0.741,0.691,116.495,54.613,4.498,25.911,101.560,28.739,0.825,-130.924,-15.224,4.243,-22.650,-27.400,3.850,22.802,-44.575,53.515,8.954,-4.094,-18.137,3.496,67.446,-9.474,4.907,-15.714,68.688,16.375,-0.255,2.815,35.886,12.002,0.672,5.532,14.293,2.434,1.803,-13.487,168.982,41.379,-1.430,-14.874,105.492,34.945,-6.958,-38.779,57.750,5.176,-3.202,-30.300,21.518,-15.014,0.088,-6.934,11.619,-2.482,0.057,-0.726,1.316,0.570,0.000,-6.232,-9.527,-7.531,-2.450,72.358,186.546,28.371,27.932,-26.380,39.971,-3.583,11.421,-55.616,15.991,-12.887,-6.423,-27.514,14.653,-6.386,-7.288,-3.977,6.327,-2.911,-0.277,0.003,5.017,-3.890,1.564,15.915,23.314,-2.311,-6.168,69.312,129.230,-1.293,29.692,-7.509,94.479,-2.648,12.078,-19.492,109.022,-3.324,-32.345,-17.298,63.031,-14.333,-26.439,0.387,26.023,-0.161,-7.037,22.873,16.976,0.274,0.204,-6.688,-17.106,-1.552,-3.487,
-25.673,-28.610,-0.638,-5.199,-6.573,-7.589,1.442,-4.241,22.123,5.877,4.804,1.186,19.310,3.978,6.319,2.541,4.529,5.085,2.986,0.366,-2.902,1.319,1.112,-0.230,-3.336,-2.024,-1.151,-0.391,-10.649,-7.618,0.077,-2.126,-2.717,-4.137,1.078,-3.605,13.964,2.545,6.264,-2.902,9.276,1.752,6.976,-0.278,-0.887,-3.999,-0.984,-0.173,-1.697,-7.401,-1.873,-0.124,-2.193,-6.950,-1.971,-0.263,-5.276,-2.536,0.689,-1.220,3.631,-3.290,3.409,-3.648,8.977,-3.484,2.832,-3.569,1.556,-1.818,-4.704,-0.603,-1.043,-1.911,-6.148,-0.277,-1.020,-3.245,-2.742,1.087,-1.485,-4.247,-1.996,0.435,1.010,4.286,3.675,-0.409,4.613,0.161,0.882,-1.881,1.956,-3.732,-5.967,-1.702,0.454,0.017,-5.080,-0.468,-1.102,2.578,-2.173,-0.093,-0.321,2.328,-0.164,0.111,0.265,1.784,-0.017,0.367,8.143,4.560,2.738,0.085,-0.447,1.620,-0.819,-0.428,-3.288,2.931,-2.888,-0.341,-1.477,2.079,-1.940,-0.115,-0.436,-0.207,-0.310,-0.019,-0.035,0.295,-0.190,0.000,0.177,-0.865,-0.459,-0.207,7.556,7.551,0.306,2.760,-2.691,5.384,-0.150,1.386,-6.340,3.962,-1.162,-0.551,-1.968,2.633,-0.685,-0.530,-0.323,2.724,-0.780,-0.290,-0.328,1.974,-0.673,-0.117,3.814,3.772,1.165,-1.344,2.114,3.074,-0.190,1.544,-0.848,4.631,-0.205,2.207,-3.844,3.891,-0.291,-0.003,-2.549,2.981,-1.337,-2.476,-1.408,2.025,-2.602,-1.364,-1.719,0.572,-0.675,-0.810,5.155,0.048,6.398,-2.772,
-308.597,-126.497,-7.697,-26.372,100.132,105.228,-1.086,46.702,237.807,80.481,1.186,59.802,42.957,4.451,-3.482,6.011,-12.749,2.528,-4.657,-1.150,-13.101,22.183,-2.090,0.365,-6.203,-2.079,-5.386,1.277,-271.268,-95.597,-3.749,-35.279,-20.898,-5.122,-1.740,-1.396,226.883,30.657,-5.840,42.519,66.300,9.138,-14.449,10.806,-11.908,5.691,13.445,-0.879,-1.122,31.179,30.706,3.412,8.990,32.157,5.869,1.582,-185.324,-81.162,-3.106,-33.360,-55.357,-78.852,-1.531,-43.809,143.730,-38.563,-16.414,11.960,41.697,29.978,-4.024,17.148,-13.538,35.406,32.978,-1.043,-6.585,20.976,23.966,1.448,1.522,12.896,4.055,-1.197,-90.750,-22.870,6.418,-15.711,-26.600,-15.535,28.461,-27.077,30.596,-12.462,17.864,-9.562,2.790,8.997,-0.008,4.189,-7.938,-3.482,-2.074,0.169,-1.772,-8.240,-3.888,-0.208,-1.796,-12.929,-2.278,-0.373,-13.287,68.616,30.111,-1.258,-0.544,36.507,27.708,-5.342,-10.685,0.590,1.395,-1.668,-14.559,-5.967,-13.403,0.875,-3.416,-4.394,-5.349,0.436,-0.305,-2.981,-0.852,0.000,-1.262,-0.269,-3.257,-0.439,20.576,76.742,15.281,20.302,-18.968,12.966,-5.374,11.137,-18.877,3.582,-7.488,2.986,-11.122,20.104,-4.060,-0.328,-1.350,13.597,-0.114,1.457,0.000,11.653,1.178,1.680,4.790,20.912,0.671,0.569,-15.612,20.999,-1.637,13.950,-7.198,12.224,-1.916,9.307,-4.617,18.753,-2.704,-8.098,-8.521,10.318,-6.844,-6.676,0.658,-1.640,1.597,-0.716,10.366,-1.998,-0.036,1.857,7.173,18.779,-2.617,6.638,
-521.476,-359.466,-9.511,-53.064,-87.975,-49.397,-0.714,-18.912,297.524,109.126,19.310,42.957,237.114,35.839,44.295,21.868,150.703,48.493,48.104,5.776,29.284,11.240,-10.163,2.568,-64.906,-42.294,-29.509,-1.670,-275.890,-32.909,-5.683,-4.997,-106.846,-16.887,0.462,-18.272,218.588,19.449,29.336,-4.342,196.236,-5.374,40.324,4.943,40.528,-46.011,-17.866,-1.485,-25.757,-44.566,-34.636,1.742,-6.184,6.862,-5.287,-1.749,-191.641,-35.316,-0.667,-12.689,-73.277,-20.080,14.308,-30.956,144.124,-32.833,8.552,-16.882,110.914,-21.449,-38.665,6.302,14.005,2.869,-41.810,-0.939,-17.868,2.892,-8.470,8.399,-8.102,-10.792,0.288,0.227,-87.060,2.244,26.830,-16.360,-31.793,-5.435,32.079,-28.530,32.832,-48.712,-11.579,-14.752,40.629,-18.645,-36.384,-0.653,10.805,0.458,-19.789,-0.708,-5.342,1.616,-5.578,0.643,-1.986,-11.106,-2.711,0.572,20.254,42.572,29.215,1.096,-23.207,10.481,8.946,-6.103,-13.833,-2.070,-20.386,-0.914,23.186,-10.916,-12.975,1.246,10.508,-10.599,-4.947,0.319,0.256,3.414,0.473,0.000,11.140,25.560,2.425,-0.096,9.946,62.399,6.011,32.274,-49.270,6.298,-12.708,15.090,-26.054,23.234,-13.383,-3.006,19.868,45.411,-1.608,0.536,10.176,52.104,3.326,2.241,1.107,46.556,4.078,1.465,38.646,43.839,10.216,-1.298,-26.386,-23.264,-1.813,7.318,-14.197,-16.931,-2.831,3.832,-9.184,-21.376,-3.843,-19.139,9.857,-33.971,-6.071,-8.101,11.384,-29.200,-5.485,-5.689,13.620,-33.703,-15.283,5.460,14.414,-22.465,4.211,-4.145,
-34.139,-55.176,-4.914,-8.124,-14.409,-15.989,-1.283,-3.616,25.442,14.342,3.978,4.451,35.839,20.746,20.727,2.458,30.532,44.472,18.957,0.996,4.186,26.292,-0.247,-0.312,-1.387,5.111,-5.106,0.767,-22.126,-18.167,-1.841,-3.204,-17.084,-3.251,2.195,-5.595,16.803,23.753,23.187,-2.811,32.524,32.776,44.041,0.654,4.219,10.862,1.026,0.839,-7.247,-16.316,-18.878,0.003,-8.030,-15.399,-7.881,-1.451,-17.335,-2.526,3.678,-1.526,-13.587,9.860,21.150,-8.540,0.438,9.218,31.058,-13.576,10.334,-13.238,-10.093,-1.793,-5.811,-29.744,-35.123,-0.762,-6.662,-32.176,-20.867,0.149,-6.383,-22.074,-6.997,-1.057,16.379,21.533,20.859,-3.026,3.338,1.106,21.112,-9.528,-9.553,-28.776,-10.097,-8.534,-7.491,-34.404,-34.264,-2.176,-4.315,-22.502,-20.782,-0.337,-1.547,-10.268,-5.671,-0.169,-1.127,-6.484,-1.558,-0.112,69.082,10.752,8.896,0.468,4.428,-16.097,-11.720,-1.533,-16.842,-21.457,-24.663,-0.830,-6.518,-12.505,-13.858,-0.104,-0.243,-2.949,-3.090,0.016,-0.102,1.429,-0.579,0.000,0.272,4.040,-1.783,0.370,48.012,2.998,-6.309,9.754,-13.922,0.076,-9.454,4.504,-19.709,10.587,-7.608,-2.272,-2.866,18.499,-1.331,-1.196,0.857,18.317,1.387,0.141,0.498,19.947,0.819,0.324,22.332,33.079,3.406,-1.138,19.771,17.264,-0.751,5.482,-2.114,27.461,-1.003,-2.297,-10.348,16.013,-1.266,-12.487,-3.594,0.501,-1.464,-10.858,-0.596,-10.447,-0.341,-4.471,4.227,-18.797,-0.511,0.242,18.333,-20.032,3.263,-6.076,
-77.340,-26.090,-2.340,1.230,-88.861,-38.675,-1.692,-4.785,-39.938,-9.412,6.319,-3.482,44.295,20.727,48.250,0.447,112.057,68.380,78.069,6.524,67.812,38.143,18.068,4.142,-14.808,-19.413,-11.373,-0.075,-19.417,37.205,-1.811,25.673,-52.446,15.661,3.501,15.902,-28.021,31.742,36.733,0.144,38.630,27.442,88.547,-1.190,34.890,-16.506,26.563,-0.181,-5.899,-55.169,-33.821,-1.059,-23.640,-55.012,-22.083,-2.463,-22.758,6.716,4.322,7.375,-22.599,25.997,30.071,9.471,-22.789,9.487,54.891,-11.177,22.314,-45.525,8.181,-5.818,0.874,-79.792,-60.600,-1.763,-11.962,-71.600,-45.204,-0.799,-13.322,-44.307,-15.736,-1.612,15.832,10.334,19.720,-3.942,5.466,-10.668,22.909,-7.797,6.314,-51.050,-1.793,-7.410,3.273,-69.745,-43.030,-2.735,-5.678,-48.295,-35.141,-0.596,-3.170,-20.316,-10.669,-0.399,-1.535,-7.048,-2.042,-0.149,59.419,-20.999,1.230,0.275,23.477,-40.848,-16.877,-2.249,6.333,-37.917,-26.043,1.200,-2.673,-19.721,-14.370,1.504,-0.944,-3.619,-4.143,0.142,0.356,9.675,2.672,0.000,13.511,34.222,7.656,2.009,25.007,-31.847,-11.423,6.294,3.658,-18.393,-12.522,2.874,2.310,8.304,-6.272,0.858,-0.352,31.151,0.618,0.427,3.585,37.369,5.290,0.521,4.619,36.717,10.307,0.807,42.337,52.822,16.111,4.047,3.255,-28.168,-1.108,-5.215,5.900,-8.186,-1.283,-8.323,2.976,-19.140,0.873,-6.380,0.053,-22.655,3.653,-8.640,8.132,-39.025,2.707,-5.935,18.344,-59.280,-0.061,-0.647,6.262,-85.620,-0.967,-4.591,
-46.759,-31.321,-1.177,-6.834,0.116,1.022,0.246,-1.766,44.039,15.411,2.541,6.011,21.868,2.458,0.447,3.482,-0.860,-1.805,-1.536,-0.161,-3.079,0.072,-0.791,-0.305,-5.064,-2.470,-2.304,-0.247,-31.514,-13.820,-0.508,-5.026,-7.021,-4.788,-0.084,-5.001,30.806,1.917,0.966,0.078,17.700,-0.263,-2.293,1.149,-1.820,-1.224,-2.507,-0.107,-2.156,1.051,0.749,0.063,1.418,5.252,0.861,-0.147,-20.318,-8.897,-0.433,-3.477,-6.423,-9.549,-0.494,-6.752,18.333,-6.550,-1.846,-2.884,8.099,4.238,-3.322,1.279,-1.947,10.206,0.345,-0.054,-1.011,7.600,2.935,1.162,0.305,1.947,0.579,0.176,-10.677,0.571,2.319,-1.618,-2.677,1.055,3.016,-3.220,2.622,-0.064,1.262,-1.775,0.703,4.226,-0.686,-0.044,-1.287,5.011,0.089,-0.050,-0.134,2.287,0.132,0.129,-0.085,-0.907,-0.243,0.109,0.455,9.084,4.950,0.106,-3.091,6.857,3.747,-0.547,-3.010,2.887,-0.001,-0.201,-1.822,0.546,-1.663,0.046,-0.468,-0.862,-0.532,0.021,-0.041,-0.790,-0.321,0.000,-0.674,-1.750,-0.867,-0.171,3.744,12.513,2.079,4.272,-5.291,4.764,-0.456,2.244,-4.925,2.636,-1.380,0.069,-1.712,1.937,-0.609,-0.254,-0.261,1.449,-0.496,0.008,-0.374,1.552,-0.649,0.082,1.136,2.363,-0.597,-0.507,-1.804,1.854,-0.161,2.943,-1.188,2.710,-0.246,2.662,-1.649,3.896,-0.494,-0.844,-1.648,3.061,-1.429,-1.704,-0.074,2.733,-1.663,-0.846,0.046,2.383,-1.271,-0.339,3.816,6.124,2.344,-1.149,
-585.727,79.436,-4.008,50.462,-543.521,-143.967,-12.345,-7.715,-287.501,-50.999,4.529,-12.749,150.703,30.532,112.057,-0.860,902.778,217.130,350.276,16.255,837.372,195.975,165.613,30.417,4.289,-86.840,-42.710,6.038,-186.709,418.818,-10.980,173.536,-324.691,168.674,0.274,119.264,-238.508,110.955,63.621,58.541,198.542,62.470,267.742,8.621,463.615,-119.802,253.494,-3.888,155.992,-315.052,-87.112,-8.720,-114.111,-306.740,-113.223,-14.967,-187.625,85.754,1.939,58.151,-202.656,151.285,53.435,89.144,-168.031,54.151,146.552,27.161,258.582,-209.746,128.937,-6.162,191.728,-415.644,-168.137,-9.161,-31.574,-415.726,-227.186,-8.606,-77.346,-252.709,-86.429,-10.895,-97.500,-78.199,18.418,-24.254,-85.465,-132.626,7.709,-10.827,89.616,-217.087,23.897,-9.740,234.342,-346.157,-100.716,-7.745,74.597,-285.524,-150.199,-3.395,-15.593,-127.593,-61.976,-2.842,-7.433,-30.609,-10.039,-1.421,-106.603,-233.862,-57.012,-3.858,54.391,-246.131,-84.489,-12.186,211.764,-193.697,-36.571,5.388,157.743,-86.326,1.779,7.649,37.830,-18.824,-10.900,1.001,4.026,41.265,19.530,0.000,64.434,169.042,54.970,10.315,-273.981,-277.824,-62.658,-18.287,62.682,-144.276,-43.510,-16.707,255.537,-14.598,18.987,16.546,121.515,95.018,22.047,20.731,44.483,146.183,32.351,10.548,32.338,140.898,56.821,6.298,122.641,146.977,58.988,38.259,-234.246,-374.352,-4.970,-112.767,97.984,-398.099,-4.689,-99.039,164.251,-383.862,3.762,13.912,105.210,-216.726,21.274,19.073,74.695,-201.106,13.645,-8.848,83.265,-262.597,-10.667,21.888,33.249,-297.753,-84.841,10.923,
-44.829,21.952,-11.137,21.191,-162.748,-34.169,-6.547,18.353,-101.175,-18.013,5.085,2.528,48.493,44.472,68.380,-1.805,217.130,214.002,140.257,2.954,201.130,214.599,65.582,7.079,56.524,50.393,-6.840,7.328,-54.772,49.410,-5.822,26.743,-112.589,49.677,3.339,32.637,-61.582,104.605,65.676,21.501,61.289,129.341,198.803,0.673,96.017,51.214,119.342,0.266,43.168,-76.476,-42.167,-0.201,-47.825,-143.501,-52.114,-6.351,-47.442,16.605,11.122,6.443,-66.503,57.022,64.829,-2.886,-85.634,65.466,123.753,-23.697,41.606,-66.913,40.753,-9.993,9.251,-207.914,-113.779,-6.179,-27.394,-225.815,-119.986,-5.113,-45.621,-151.980,-49.873,-6.531,50.457,52.356,58.609,-10.638,2.616,-22.225,66.515,-27.295,-18.412,-115.039,-6.554,-27.782,7.311,-191.186,-121.548,-8.275,-5.144,-162.974,-105.023,-1.869,-10.164,-78.133,-38.018,-1.788,-6.274,-29.757,-7.913,-0.894,183.997,-13.566,6.610,4.370,51.142,-101.767,-50.829,-4.492,-2.237,-111.726,-87.337,2.238,1.237,-61.252,-46.947,2.918,3.246,-16.013,-13.415,0.709,0.733,9.606,3.314,0.000,15.791,46.701,11.227,6.533,71.483,-59.990,-34.753,26.266,-8.861,-43.118,-40.182,14.320,-8.049,24.446,-19.661,2.885,14.954,74.106,-1.029,4.581,9.188,81.232,10.315,5.712,8.942,75.700,20.206,4.946,83.176,108.961,28.259,8.550,-12.846,-73.399,-3.887,-11.663,25.262,-17.275,-3.434,-25.664,1.841,-39.526,-1.917,-32.579,10.201,-51.611,0.145,-22.986,15.201,-79.832,3.499,-7.929,33.754,-121.611,5.322,10.588,69.744,-140.636,-20.470,-10.192,
-363.144,97.789,-6.505,37.086,-344.920,-87.414,-8.163,3.302,-178.435,-33.687,2.986,-4.657,48.104,18.957,78.069,-1.536,350.276,140.257,299.072,12.546,477.703,226.454,224.638,15.771,142.553,22.824,4.228,4.768,-135.602,248.539,-6.909,114.004,-182.048,115.877,-0.946,96.344,-129.988,79.662,43.974,47.819,98.741,69.417,223.683,6.267,193.212,-47.751,264.331,-2.794,45.601,-181.505,16.174,-4.879,-68.809,-204.159,-62.618,-9.981,-139.833,6.036,0.761,24.545,-110.047,66.176,37.086,56.515,-64.052,48.466,117.501,18.453,118.385,-108.907,133.410,-5.661,49.648,-299.369,-94.606,-7.127,-36.949,-303.031,-148.161,-6.459,-56.888,-188.455,-63.187,-8.218,-73.046,-35.562,18.439,-17.024,-7.440,-42.705,52.365,-14.290,74.235,-117.902,53.741,-10.995,53.580,-241.846,-81.802,-6.747,-8.186,-208.430,-115.573,-2.459,-12.209,-95.963,-45.851,-2.170,-6.537,-26.990,-8.493,-1.085,21.668,-100.716,-15.426,-1.112,103.761,-106.196,-14.627,-7.466,75.945,-131.843,-35.164,4.141,9.609,-77.160,-32.604,4.911,-4.037,-17.480,-14.185,0.313,1.719,28.746,15.840,0.000,39.631,130.752,40.486,10.019,-49.252,-132.608,-30.233,1.582,74.468,-68.289,-32.625,15.454,70.356,11.897,-3.253,20.086,9.104,83.748,9.710,4.982,16.074,120.145,25.961,3.184,21.703,132.779,50.767,2.956,89.467,172.729,59.876,30.141,-69.229,-196.054,-2.921,-50.141,53.259,-150.392,-4.421,-34.414,65.641,-147.439,7.299,22.517,29.994,-100.973,32.709,-0.598,45.564,-158.134,30.961,-11.073,68.715,-224.576,15.129,-2.632,-4.442,-299.584,-38.828,0.975,
-13.084,3.183,0.366,5.143,-14.042,-7.922,-0.327,0.328,-8.590,-2.710,0.366,-1.150,5.776,0.996,6.524,-0.161,16.255,2.954,12.546,3.570,7.082,-4.158,0.368,3.630,-7.610,-6.944,-2.717,-0.169,0.070,9.472,-0.275,10.349,-6.877,-0.123,-0.217,5.740,-7.514,0.471,2.235,0.185,7.027,0.059,10.063,-0.123,8.135,-4.190,5.411,0.775,0.658,-8.607,-4.641,0.389,-3.710,-8.577,-3.556,-0.400,-0.147,-0.226,0.389,2.581,-5.051,0.907,0.785,5.286,-5.424,-0.908,6.676,0.160,5.182,-5.699,5.624,-0.285,2.005,-11.556,-5.596,-0.234,-1.300,-10.303,-6.365,-0.197,-1.915,-6.252,-2.184,-0.264,0.498,0.694,0.337,-0.377,-2.062,-4.056,2.668,-0.909,3.632,-6.830,4.037,-0.100,1.436,-9.185,-3.932,-0.315,-0.059,-7.197,-4.664,-0.082,-0.418,-3.134,-1.592,-0.069,-0.272,-1.338,-0.335,-0.034,1.359,-7.610,-0.813,-0.409,5.482,-5.939,-0.505,-0.398,5.700,-6.099,-2.057,-0.270,0.775,-3.386,-1.324,-0.101,-0.103,-0.293,-0.562,-0.017,-0.031,1.949,-0.021,0.000,1.675,4.280,0.026,-0.017,0.422,-12.005,-1.717,-0.780,3.954,-5.616,-1.436,0.278,3.710,0.440,0.142,1.027,0.073,6.249,0.950,0.114,0.037,7.075,0.763,-0.256,0.105,6.313,0.896,-0.103,4.365,6.279,0.959,2.971,-5.980,-11.161,-0.168,-1.339,0.598,-9.228,-0.182,1.274,1.412,-8.196,0.817,2.048,-1.308,-5.083,1.167,-0.021,0.668,-6.270,0.974,-0.942,1.520,-7.028,0.217,-0.718,-1.697,-7.448,-1.234,1.317,
-849.613,363.625,-24.792,98.203,-722.632,-123.478,-18.727,13.210,-408.694,-67.456,-2.902,-13.101,29.284,4.186,67.812,-3.079,837.372,201.130,477.703,7.082,1399.527,502.661,517.971,47.319,555.667,192.523,71.115,26.021,-381.205,606.798,-18.473,225.663,-351.253,314.419,-9.075,217.421,-311.433,170.861,26.559,130.961,133.813,126.167,303.722,20.495,525.754,-73.133,578.034,-6.554,298.856,-349.221,145.516,-14.557,-99.710,-428.826,-107.872,-25.249,-398.422,13.392,-7.817,43.380,-234.957,154.672,31.578,131.514,-163.132,158.574,146.796,103.943,257.978,-137.341,286.437,3.639,210.571,-554.522,-77.375,-14.806,-37.932,-641.049,-282.091,-14.614,-125.297,-417.670,-136.121,-18.502,-224.807,-138.129,16.041,-45.496,-102.020,-134.086,44.225,-24.327,166.978,-168.577,98.668,-6.694,215.160,-447.116,-115.227,-8.592,46.161,-439.601,-210.532,-5.365,-22.136,-212.491,-98.977,-4.827,-14.661,-61.084,-19.030,-2.413,-121.310,-240.025,-53.035,-6.690,124.813,-230.480,-43.449,-17.840,236.297,-240.463,-37.486,1.509,118.060,-134.010,-33.687,6.589,15.117,-37.464,-21.384,0.782,3.105,40.811,27.594,0.000,57.891,205.821,68.433,15.168,-278.314,-293.037,-66.097,-10.393,120.705,-110.951,-51.354,17.968,262.573,32.677,22.671,35.693,74.753,136.748,25.365,15.933,37.243,191.525,39.695,11.556,42.584,202.048,81.758,7.954,114.541,237.780,69.027,62.117,-277.573,-452.276,-5.321,-142.189,128.864,-464.368,-7.704,-95.788,207.166,-416.811,7.571,72.914,95.043,-209.440,44.743,35.234,80.611,-251.414,42.323,-3.455,94.872,-333.464,12.529,9.789,78.321,-354.334,-107.015,16.000,
-428.411,1.053,-19.653,19.906,-287.949,-13.031,-11.715,38.897,-80.874,7.740,1.319,22.183,11.240,26.292,38.143,0.072,195.975,214.599,226.454,-4.158,502.661,575.476,312.436,8.496,533.122,444.010,114.917,21.982,-315.139,190.122,-8.978,50.867,-194.790,157.357,-4.810,94.907,-33.938,151.385,26.389,84.653,68.507,167.085,198.710,15.907,147.762,99.367,339.249,-5.478,130.657,12.310,160.799,-3.774,5.867,-130.519,-3.746,-6.796,-285.682,-8.515,0.467,-2.447,-126.589,75.814,35.519,31.164,-45.558,141.371,75.746,35.022,65.647,-5.676,109.133,4.515,40.846,-304.164,-22.671,-12.128,-28.528,-376.832,-131.050,-10.990,-85.662,-279.899,-78.433,-13.214,-113.372,-12.188,48.674,-29.767,-18.343,-13.324,84.224,-35.360,20.974,-80.078,17.456,-23.415,26.011,-254.806,-121.528,-8.883,-1.365,-280.085,-139.879,-3.865,-14.739,-154.219,-68.333,-3.850,-13.408,-58.204,-16.243,-1.925,99.672,32.658,16.508,-0.317,89.294,-82.868,-32.575,-12.468,15.686,-133.067,-77.544,-0.950,7.715,-87.996,-58.865,2.743,1.403,-33.882,-21.631,0.832,0.356,6.631,8.461,0.000,18.942,81.097,25.436,6.439,11.140,-28.879,-37.608,35.847,35.115,-32.069,-47.549,28.014,22.042,58.728,-18.917,7.975,15.946,130.325,0.371,5.131,17.347,134.204,16.846,9.092,22.337,145.407,40.319,7.364,80.024,190.836,33.307,24.442,-82.625,-173.026,-6.972,-35.385,50.200,-114.490,-6.626,-26.683,35.713,-115.357,-0.594,-2.981,25.744,-81.439,11.256,-19.200,32.249,-135.381,17.790,-5.033,53.308,-206.911,12.993,11.846,123.165,-255.735,-68.801,5.507,
-533.772,45.542,-15.985,40.026,-389.991,-90.744,-6.659,3.005,-157.999,-24.468,1.112,-2.090,-10.163,-0.247,18.068,-0.791,165.613,65.582,224.638,0.368,517.971,312.436,428.679,5.834,615.147,383.153,215.006,9.410,-258.622,314.851,-9.034,120.761,-170.886,164.282,-5.475,128.085,-107.708,67.556,-0.772,69.870,43.230,52.685,125.743,10.438,160.592,-21.872,360.233,-4.875,90.569,-120.413,251.061,-7.773,-33.644,-161.086,35.601,-12.513,-257.932,23.277,-5.650,22.005,-114.851,83.783,-2.446,95.465,-20.658,89.070,27.869,89.738,108.150,-38.288,147.808,10.180,83.480,-289.511,48.393,-8.965,-15.655,-340.463,-101.251,-8.533,-71.338,-232.699,-70.214,-10.829,-190.744,-87.874,-5.683,-20.669,-28.918,-47.725,21.640,-0.515,107.473,-42.933,41.521,19.742,83.650,-196.778,-39.620,3.446,20.771,-231.515,-90.002,-1.072,-8.907,-120.837,-53.076,-2.851,-9.668,-43.520,-12.254,-1.426,-90.686,-82.515,-20.088,-4.970,70.496,-57.989,16.436,-9.816,76.520,-97.477,0.265,-1.572,38.574,-63.428,-21.270,3.008,3.569,-24.760,-10.704,0.837,0.405,6.022,8.633,0.000,12.159,67.625,20.507,6.086,-108.208,-92.340,-13.958,-7.003,62.310,-29.560,-18.546,17.368,73.182,30.401,3.177,25.178,19.073,64.597,9.550,6.776,11.029,87.521,16.147,4.015,11.938,113.237,26.513,2.368,28.078,137.214,25.165,19.095,-84.952,-186.050,-1.080,-59.406,19.789,-190.157,-5.018,-32.455,64.278,-181.203,0.382,54.311,24.541,-95.707,29.953,23.873,21.053,-111.650,29.520,2.874,22.553,-138.265,14.285,-0.744,49.872,-147.740,-43.776,2.001,
-12.422,26.232,0.460,12.856,-15.299,-10.253,-1.050,5.740,-17.534,-5.083,-0.230,0.365,2.568,-0.312,4.142,-0.305,30.417,7.079,15.771,3.630,47.319,8.496,5.834,15.283,2.645,-8.639,-5.433,8.194,-1.157,5.401,-1.004,12.660,-6.984,0.248,-0.571,8.418,-15.357,3.369,2.630,3.262,6.521,4.679,12.832,0.483,15.149,-0.640,18.047,0.786,14.960,-11.807,4.958,2.215,2.164,-18.762,-4.173,0.483,-0.915,-8.359,0.556,-0.094,-4.647,1.770,3.151,4.297,-15.321,8.798,12.415,-0.459,4.996,2.538,9.696,0.213,4.467,-15.864,-2.596,-0.775,-2.420,-23.338,-6.251,-0.525,-5.098,-17.321,-4.273,-0.714,6.283,8.348,5.512,-2.038,-6.024,0.009,7.132,-3.505,-2.631,-3.846,4.918,-2.136,2.613,-13.456,-9.000,-0.828,0.924,-16.584,-9.697,-0.264,-1.150,-9.249,-4.343,-0.221,-0.650,-3.182,-0.853,-0.111,15.637,1.419,2.614,1.240,1.951,-8.896,-2.980,-0.321,2.604,-8.254,-7.255,0.752,0.466,-3.994,-3.430,0.741,-0.080,-1.073,-1.417,0.278,0.068,1.352,0.379,0.000,1.173,2.827,0.377,-0.423,10.829,-12.143,-3.618,4.246,-3.167,-3.577,-4.222,0.833,-0.962,9.498,-1.032,0.731,0.916,19.601,1.393,2.685,-0.464,21.839,0.831,2.294,-0.542,16.433,1.647,1.602,-0.966,10.088,-0.187,7.296,-8.393,-14.659,-0.490,0.630,-4.113,-10.733,-0.533,2.859,-6.408,-15.370,0.753,-2.366,-3.664,-19.724,2.023,-0.508,1.867,-22.167,1.609,1.340,-3.398,-15.985,-0.398,2.891,2.363,-4.463,0.802,10.053,
-1144.825,-62.711,-44.500,18.798,-678.014,-122.389,-15.182,-6.686,-239.493,-17.174,-3.336,-6.203,-64.906,-1.387,-14.808,-5.064,4.289,56.524,142.553,-7.610,555.667,533.122,615.147,2.645,2004.944,1303.501,657.086,46.125,-594.876,545.592,-18.551,173.239,-295.630,339.024,-4.393,197.167,-125.200,129.296,-26.943,119.863,-14.090,68.289,31.861,18.590,117.025,-8.363,375.802,-8.146,148.150,15.627,540.630,-16.321,114.260,38.658,326.935,-23.149,-561.467,79.120,-12.383,48.304,-225.166,192.463,-24.909,176.185,-17.682,257.619,-93.964,222.673,58.303,29.537,55.438,44.513,136.038,-303.022,175.263,-14.050,51.908,-383.414,-7.723,-14.278,-105.069,-317.548,-56.036,-18.076,-388.532,-165.857,-21.176,-28.997,-160.726,-57.443,-28.513,4.542,151.974,67.435,-62.538,74.646,139.010,-139.258,-57.478,32.613,104.961,-274.842,-20.192,-0.232,9.848,-170.336,-61.076,-4.716,-17.245,-80.505,-21.223,-2.358,-288.038,-119.042,-71.182,-11.923,46.167,-68.743,-32.245,-21.605,147.900,-59.678,28.904,-8.293,129.925,-23.875,33.980,2.647,28.679,-27.713,13.350,1.760,-0.935,-18.863,-3.876,0.000,-10.140,-7.901,-9.996,-2.575,-348.848,-153.985,-44.750,-31.627,78.886,-14.464,-17.903,15.014,177.237,68.380,18.899,44.698,80.926,91.726,18.668,28.704,7.773,71.183,1.537,15.909,2.413,87.514,-17.498,6.049,-34.370,4.619,-61.248,10.459,-231.779,-361.029,-4.327,-125.682,16.132,-400.590,-9.344,-77.867,127.815,-368.770,-7.925,99.576,58.290,-170.408,1.803,108.810,-10.063,-59.626,2.565,56.585,-19.779,-18.122,-17.427,24.385,112.091,-179.300,-160.868,54.176,
-837.665,-318.849,-38.732,-46.256,-327.931,-12.353,-4.936,-20.826,-46.988,32.955,-2.024,-2.079,-42.294,5.111,-19.413,-2.470,-86.840,50.393,22.824,-6.944,192.523,444.010,383.153,-8.639,1303.501,1405.524,568.090,30.149,-444.108,315.723,-4.881,51.123,-204.061,192.052,-1.362,65.985,-14.837,81.681,-25.480,54.627,-1.468,48.833,-31.566,9.301,42.736,32.740,171.832,-7.760,99.496,191.648,412.479,-12.452,149.477,323.833,331.950,-11.754,-358.556,186.710,-4.900,51.005,-176.971,182.323,-32.851,111.743,-21.443,173.661,-119.244,121.067,38.543,54.951,-59.027,32.180,122.870,-151.653,145.996,-12.542,64.706,-198.176,47.186,-11.986,-66.963,-187.569,-19.719,-14.435,-280.319,-83.611,-21.141,-5.736,-116.826,-5.137,-45.665,12.545,42.548,95.370,-97.277,53.927,121.175,-19.026,-32.743,32.483,117.981,-158.013,2.749,2.317,12.128,-127.805,-42.222,-4.032,-14.527,-69.787,-17.173,-2.016,-217.729,4.220,-36.478,-12.166,-28.153,-48.769,-32.790,-15.997,89.940,0.016,22.828,-5.874,122.098,10.629,26.083,3.853,41.564,-20.832,8.533,2.098,-1.148,-29.246,-11.429,0.000,-20.891,-58.757,-23.160,-7.097,-220.289,-50.397,-28.293,-25.948,4.682,-44.986,-13.437,-9.713,142.841,40.278,6.352,14.576,97.046,57.823,9.948,14.731,9.933,24.856,-8.853,8.625,-9.057,24.369,-37.253,3.902,-72.613,-101.017,-80.498,-4.862,-139.969,-175.609,-5.268,-65.557,-22.876,-257.536,-5.729,-47.684,77.824,-249.409,-3.573,52.071,31.399,-87.629,-6.842,72.183,-29.505,20.462,-8.280,46.461,-45.375,93.257,-42.945,23.159,122.451,-79.466,-147.421,29.891,
-425.640,-182.927,-15.949,-11.782,-223.164,-70.289,-1.306,-17.786,-88.302,-13.320,-1.151,-5.386,-29.509,-5.106,-11.373,-2.304,-42.710,-6.840,4.228,-2.717,71.115,114.917,215.006,-5.433,657.086,568.090,354.643,2.828,-205.415,183.288,-1.896,48.174,-120.498,105.710,0.370,59.398,-59.717,29.593,-13.902,44.643,-25.349,-5.618,-25.432,8.175,17.660,-18.060,99.119,-3.295,39.722,24.496,251.230,-6.060,23.085,60.106,175.120,-8.499,-154.679,93.317,-1.833,32.341,-109.674,84.349,-15.641,69.841,-28.118,74.758,-53.999,91.598,24.434,12.429,-15.904,28.033,69.382,-90.400,109.749,-4.854,27.858,-116.820,27.941,-4.777,-34.960,-103.017,-15.641,-6.048,-143.401,-53.150,-19.828,2.969,-86.896,-20.158,-33.254,18.222,34.604,51.468,-19.872,40.885,81.054,-9.844,14.209,24.760,66.390,-81.441,14.614,4.649,5.518,-57.078,-18.803,-1.578,-5.979,-28.874,-7.275,-0.789,-159.551,-70.968,-29.945,-6.777,-21.575,-25.655,2.748,-6.192,59.451,-3.841,40.123,-1.902,69.386,9.237,29.073,4.333,20.397,-6.154,8.346,2.483,-0.540,-12.555,-5.517,0.000,-10.890,-21.482,-11.848,-2.819,-160.391,-74.135,-6.866,-25.579,11.617,-5.627,3.180,-3.098,77.483,19.628,11.082,18.538,49.951,12.244,9.151,12.492,1.872,-0.467,1.151,4.866,-7.625,9.388,-16.412,1.461,-26.050,-23.883,-34.333,-5.510,-81.858,-107.912,-0.840,-45.275,-22.548,-170.233,-2.291,-29.365,35.270,-168.823,-4.019,49.241,14.378,-76.269,3.302,52.596,-10.266,-7.086,3.090,26.897,-31.197,43.438,-15.594,6.015,45.913,-20.004,-54.660,5.575,
-10.255,31.345,-0.694,8.798,-14.709,-2.553,-0.955,4.946,-9.531,-1.702,-0.391,1.277,-1.670,0.767,-0.075,-0.247,6.038,7.328,4.768,-0.169,26.021,21.982,9.410,8.194,46.125,30.149,2.828,14.372,-10.488,10.856,-1.017,8.722,-3.674,5.970,-0.154,6.445,-6.943,6.100,0.472,2.218,3.067,5.928,3.317,-0.391,3.885,3.811,5.940,-0.447,6.990,5.144,8.429,1.212,15.340,7.923,9.902,1.799,-20.022,-9.235,-0.539,-1.636,0.327,7.175,0.662,5.635,-6.828,10.150,-1.149,1.566,0.942,2.489,-2.320,-0.991,1.445,-7.264,0.836,-0.715,0.362,-8.442,4.121,-0.476,-3.209,-9.751,0.725,-0.638,-6.949,-1.086,2.894,-2.830,-0.941,-0.696,1.883,-3.172,-2.178,-1.294,-5.418,-0.898,0.072,-3.666,-3.542,-0.404,1.297,-6.775,-1.239,-0.240,0.087,-6.312,-1.670,-0.201,-0.615,-2.905,-0.733,-0.101,2.342,13.560,2.576,2.008,-0.943,-2.799,-2.839,-0.398,-0.688,3.478,-0.952,0.650,-2.602,1.990,0.040,0.548,-0.584,-0.928,-0.140,0.172,0.044,-0.425,0.150,0.000,0.134,0.033,-0.001,-0.536,0.279,4.450,-0.677,4.472,-2.278,0.837,-0.825,-0.152,-3.732,10.246,-1.045,-0.113,-2.028,14.111,-0.343,2.928,-0.252,15.784,-0.471,2.751,-0.438,12.813,-0.545,1.443,-8.529,0.223,-3.497,3.681,-1.894,-7.473,-0.453,0.006,-0.989,-0.528,-0.492,0.367,-8.734,-4.129,-0.051,-4.086,-3.275,-12.184,0.431,0.373,-0.151,-13.986,-1.198,3.819,-4.760,-8.492,-4.064,4.811,0.335,-3.950,-5.997,16.588,
