359.356,972.389,11.022,18.489,-0.733,560.011,-24.561,-4.050,11.606,216.328,-53.139,2.906,-30.706,61.839,-97.678,6.411,-54.283,-11.944,-131.700,9.806,-32.011,-6.406,-41.578,11.806,2.467,4.678,-5.511,2.200,4.072,-110.994,-13.939,-7.594,19.194,-64.850,13.156,-2.333,9.972,-4.244,-0.356,3.894,-60.961,41.550,-81.289,6.622,-15.467,64.128,-32.522,10.339,10.467,32.594,0.383,5.689,6.406,5.656,0.700,0.206,31.567,118.389,35.678,0.678,-5.356,179.483,30.989,1.339,-98.189,147.789,-98.856,2.089,-46.700,83.961,-109.533,10.506,9.983,49.711,-22.311,41.494,4.544,-6.989,1.667,47.944,-1.089,-38.400,2.422,-5.300,41.500,59.783,-46.489,1.628,-59.872,62.683,-122.144,-1.800,-63.589,3.833,-98.650,-12.450,-11.128,-60.339,-64.194,-2.761,6.144,-64.667,-18.944,16.622,29.728,-56.917,-0.878,30.022,-23.356,-73.278,-1.750,-40.772,-24.317,-135.944,-143.772,0.344,2.344,24.822,-82.417,-2.139,8.067,94.500,-21.633,0.356,6.394,104.928,9.722,20.378,3.506,102.944,18.772,42.189,20.750,93.117,3.528,28.694,-100.811,-1.750,-6.639,6.089,11.733,-77.150,-51.594,5.856,58.144,60.789,-11.339,24.117,-16.933,34.161,-18.117,14.389,6.994,-74.456,-25.261,7.767,14.517,-124.978,12.500,22.828,19.239,-35.467,7.000,8.706,-66.994,-8.756,-12.011,15.706,26.028,-13.711,-4.383,9.356,60.572,86.772,-4.822,47.644,-60.989,161.044,-9.994,3.117,-37.800,67.561,0.322,-73.939,4.728,-107.050,17.856,-28.044,-47.272,-57.572,-20.256,-20.978,0.544,-45.589,-47.494,-2.828,
972.389,9436.159,412.762,324.570,-375.990,3563.944,76.789,-164.745,24.712,937.404,-42.307,-51.364,61.186,343.331,-487.341,87.700,112.207,-127.363,-706.696,108.804,-100.637,-152.459,-331.830,27.209,-32.611,41.808,-15.296,14.559,14.528,807.222,53.515,0.464,69.821,52.296,69.832,-29.432,23.011,-72.821,-165.601,-5.730,-109.287,22.232,-372.184,11.932,30.509,21.533,-208.900,2.473,11.330,-89.697,-30.486,-33.010,16.524,-67.335,14.650,-30.933,208.678,422.498,57.703,4.257,-35.940,822.895,16.896,16.474,-256.341,676.751,-456.623,-15.785,-150.476,515.260,-429.693,31.711,16.041,264.996,-90.749,149.839,58.384,40.445,-29.160,4.151,-149.678,-202.778,13.268,-88.573,208.084,-148.907,-464.607,-15.725,-258.516,452.297,-639.199,3.924,-251.210,30.040,-430.601,-61.641,-44.262,-204.260,-271.360,-23.969,-7.436,-28.050,-101.971,63.242,130.594,93.770,1.522,112.702,-350.268,102.822,81.007,-79.980,-358.778,-1233.509,-1006.727,-15.535,-23.727,48.520,-579.821,-4.927,-43.610,278.288,-170.942,-39.412,-16.190,455.491,69.375,-32.244,-34.346,686.412,151.118,23.233,32.641,939.701,57.478,46.443,-668.469,369.022,37.204,47.923,-243.593,-859.776,-427.553,-19.306,226.606,363.070,-81.730,68.929,-89.988,501.188,34.539,39.087,-143.568,22.865,-7.078,-55.691,-92.408,-87.906,241.548,-102.400,68.520,168.700,233.791,-112.586,-552.805,260.861,-55.236,50.257,133.877,-290.209,-26.530,8.917,512.776,395.725,-5.463,180.356,-45.926,977.475,9.524,81.258,-344.372,692.801,153.891,-362.752,-170.775,-415.606,456.769,-223.769,-196.259,-206.987,-52.530,-112.009,-148.478,-62.884,-325.491,-13.921,
11.022,412.762,140.365,-25.812,-25.716,74.939,89.674,-27.368,-6.632,-2.059,20.924,-15.732,29.907,69.557,-36.910,10.348,76.670,-10.630,-36.245,20.765,14.626,-32.933,-20.947,4.675,-10.402,-4.022,-1.694,-1.703,16.651,259.407,40.739,5.732,-10.026,51.986,2.658,-2.111,-27.362,-20.274,-41.704,-4.197,26.864,-18.623,13.753,1.472,35.644,-20.642,17.431,2.297,11.099,-24.622,0.892,-5.536,-0.409,-12.069,0.633,-3.253,-10.116,-26.872,-21.921,1.513,-22.267,-7.185,-26.677,-0.343,0.890,12.812,4.371,-5.022,-1.426,-1.502,5.148,4.422,8.225,2.126,1.353,15.627,8.773,-0.299,-0.986,-8.236,-15.774,0.587,3.259,-6.271,-13.347,-117.277,-47.615,-4.556,-8.722,-15.508,-22.723,-0.340,-5.524,-14.372,-10.930,-3.972,-3.998,-13.785,-9.083,-0.701,7.360,1.768,-0.327,6.505,8.090,21.959,4.316,2.395,-31.966,43.031,13.746,-2.618,-30.042,-74.662,-45.769,-3.704,-1.582,-10.688,-31.009,0.207,-6.063,-24.075,-21.392,-3.940,0.520,-2.889,2.254,-15.351,16.079,37.232,21.897,-29.305,5.136,66.136,13.266,-15.881,-91.001,42.778,10.077,-10.494,-20.489,-35.330,-21.108,-3.374,0.731,3.686,-11.682,-2.053,4.244,31.097,-0.302,-1.952,-14.182,15.154,22.861,-10.807,16.630,47.482,47.092,-41.012,21.250,37.873,41.451,-28.939,-137.879,48.077,-3.147,8.636,12.559,-9.682,-1.829,1.653,31.684,-3.979,-0.553,-11.774,49.009,15.256,15.855,-0.817,4.377,2.615,54.941,-18.477,4.816,-77.900,75.579,-12.351,15.006,-106.828,9.413,-11.216,-91.566,-96.206,-45.078,-3.477,
18.489,324.570,-25.812,90.415,-8.022,205.165,-36.269,24.961,2.095,67.002,-20.075,4.660,-9.877,-55.446,-24.850,14.326,-50.150,-47.222,-38.045,4.963,-32.800,12.735,-11.243,0.879,8.664,49.248,8.032,6.223,-9.283,-82.298,-9.352,4.433,11.481,-43.804,1.041,0.617,7.437,-11.442,-0.495,1.586,-22.058,6.188,-28.908,2.858,-12.661,23.086,-14.002,4.215,-6.564,12.414,6.784,4.085,1.158,8.629,5.609,-0.944,15.780,54.926,19.880,-0.006,-3.027,39.618,19.190,0.270,-30.636,20.982,-30.047,-0.307,-10.301,33.181,-27.632,2.473,-0.052,16.134,-8.410,18.660,3.122,-15.395,-0.989,14.824,1.126,-25.842,3.506,-5.876,1.657,71.398,-5.086,3.160,-32.985,46.478,-25.246,0.169,-19.318,-3.742,-28.471,-2.044,-0.372,-35.960,-24.251,1.969,-0.481,-30.712,-12.459,6.693,15.739,-40.431,2.083,7.508,-13.505,-31.998,13.303,-22.900,-20.658,-58.638,-40.981,0.679,-11.937,30.621,-30.190,0.651,-8.438,51.222,-8.813,4.079,-2.600,47.210,-0.251,9.407,-4.943,33.213,-0.256,9.751,11.305,17.018,5.182,3.230,-53.110,8.783,4.041,2.527,31.030,-33.089,-12.664,7.554,11.154,24.172,4.834,8.083,-25.950,31.196,5.731,5.510,-16.797,11.774,-7.466,4.351,0.347,-21.590,9.741,7.423,-6.017,-41.212,8.930,-8.466,-24.243,-1.317,-22.982,2.436,25.946,2.394,-0.605,25.347,13.728,63.057,1.466,42.314,-41.332,100.366,-1.889,3.049,-40.018,37.860,12.261,-29.724,-11.714,-66.284,26.676,-17.064,-25.807,-48.909,-13.679,-5.722,-0.603,5.260,-26.088,3.491,
-0.733,-375.990,-25.716,-8.022,114.013,-141.388,-25.458,20.430,85.214,10.000,-20.876,17.594,24.826,-16.659,-14.852,-1.348,-42.012,-33.800,-19.468,-9.129,-31.340,-17.522,-12.143,-6.837,2.357,-5.348,-3.336,-0.604,-8.830,-138.491,-9.731,-5.437,23.262,-96.127,4.406,0.287,42.223,-30.885,13.017,3.617,-7.117,15.204,-30.784,2.047,-24.901,34.232,-24.648,7.125,0.590,40.543,-4.347,11.984,3.888,21.329,-0.955,7.413,4.977,31.636,27.408,-0.832,21.653,17.317,26.329,0.245,-5.896,4.369,-12.135,0.964,-14.171,4.815,-31.189,3.523,-1.030,2.122,-10.999,6.322,5.641,25.182,2.616,13.823,46.941,43.481,0.738,22.340,20.373,104.253,35.691,6.889,-0.291,-8.897,-6.778,1.060,-5.839,-17.308,-25.273,-1.445,-0.489,-38.211,-18.609,-0.590,3.651,-51.334,-7.387,-3.605,-1.401,-53.337,1.344,-23.455,86.713,-21.964,-0.794,-21.667,0.271,15.263,-5.766,4.619,1.935,-13.669,-3.443,-0.441,4.572,4.354,-0.841,0.613,2.770,4.139,-7.565,2.633,5.036,-11.772,-5.693,11.851,-0.051,-51.794,0.833,3.472,25.961,-22.139,6.472,-23.092,5.142,5.099,1.335,0.780,-1.522,-5.559,7.975,-1.370,-10.302,-27.661,-2.237,1.040,-3.332,-24.412,-6.728,-7.189,5.103,-45.081,-7.293,3.135,14.016,-36.957,-17.744,7.500,5.078,-11.567,-5.637,-2.639,13.558,12.000,-1.016,3.257,-5.703,18.012,-1.503,-3.782,1.137,19.262,7.559,-30.900,-6.501,10.434,1.056,-13.869,19.340,1.624,-29.606,-5.173,23.358,-13.681,-38.148,1.090,48.183,5.246,-28.062,8.219,
560.011,3563.944,74.939,205.165,-141.388,2979.828,-71.196,4.242,64.249,1285.377,-103.922,-11.910,236.632,312.771,-217.420,88.891,-35.249,-222.603,-436.520,44.497,-325.399,-341.482,-279.589,-6.574,-217.695,-149.112,-46.199,0.020,-42.401,-596.641,-77.374,-36.858,107.650,-459.979,0.394,-18.838,169.370,-169.724,17.419,2.320,-113.662,31.622,-232.467,0.046,-140.702,50.069,-259.659,16.154,-70.827,-26.411,-83.892,15.501,-6.681,-28.952,-5.252,-7.433,141.352,404.923,160.088,-0.815,79.305,598.647,188.387,15.614,-204.578,618.465,-259.194,27.298,-191.950,516.562,-380.822,8.924,-39.267,251.420,-162.857,107.418,21.256,31.777,-31.660,122.251,-18.524,-57.118,9.609,32.514,216.810,798.818,58.986,1.139,-222.383,321.302,-357.838,-0.606,-237.975,20.515,-358.305,-35.122,-48.311,-264.015,-272.441,-16.406,2.200,-309.615,-133.125,31.478,92.120,-230.375,-13.619,63.435,-16.822,-101.187,22.923,-70.225,-146.409,-143.216,-513.766,1.363,-28.320,-73.508,-419.370,-7.301,3.909,172.479,-99.963,-5.069,3.590,340.058,14.321,55.885,6.774,339.577,55.902,99.216,58.454,399.165,33.996,50.662,-332.545,76.489,-6.640,-1.150,-256.940,-503.021,-295.387,17.826,260.125,195.048,-54.911,50.576,11.499,275.119,34.252,28.297,-81.076,-63.897,-67.048,19.649,-9.760,-217.066,59.495,43.479,22.204,-81.656,95.707,-33.458,-176.576,-74.980,-79.805,40.563,10.385,-208.749,-25.867,32.203,362.914,298.340,-15.749,146.022,3.357,714.383,-41.592,71.775,-258.766,403.689,51.189,-297.127,-90.050,-308.379,145.143,-147.973,-153.876,-51.412,-98.384,-30.887,104.138,55.102,-122.464,42.508,
-24.561,76.789,89.674,-36.269,-25.458,-71.196,167.031,-35.436,-2.183,-58.157,105.250,-28.267,60.575,29.729,4.633,-0.207,77.403,-31.464,-12.887,8.549,-6.625,-32.165,-11.115,-1.096,-18.705,-5.927,-0.416,-1.352,21.356,259.641,41.637,4.495,1.556,62.451,27.049,-3.816,4.000,-27.376,-19.584,-5.500,42.459,-54.529,20.312,-4.306,24.572,-47.119,11.243,-3.902,-0.150,-10.372,0.687,-5.556,0.328,9.010,1.017,2.342,-10.112,-44.366,-19.323,0.896,3.406,-67.421,-29.485,-0.716,37.323,-40.643,27.698,-1.501,2.543,-27.786,33.959,-6.552,4.126,-1.977,14.879,-15.246,3.594,11.338,3.314,-22.829,16.051,24.122,0.606,0.780,-14.015,-86.205,-18.363,-5.421,17.592,-39.341,13.810,-0.378,17.277,-12.817,25.685,-0.636,-2.435,3.113,19.480,-5.925,3.477,14.725,9.844,-12.243,1.172,16.994,0.197,-13.342,8.665,16.441,10.375,-3.025,-24.414,-17.291,-14.151,-3.810,-1.434,-39.535,12.208,0.801,0.250,-66.466,3.639,-6.635,-0.228,-43.340,8.238,-20.071,4.124,5.705,14.258,-33.588,1.522,36.663,8.399,-18.764,-47.416,28.233,12.891,-12.278,-64.951,-21.275,-14.045,-6.526,-13.068,-34.631,-6.230,-11.528,20.781,-8.265,1.459,-8.093,-7.397,12.482,25.059,-15.144,-0.242,56.088,25.391,-32.955,14.211,31.743,33.374,-24.666,-91.426,22.791,10.330,0.367,-14.231,-27.317,-1.938,-18.025,-10.411,-77.929,-1.446,-35.405,43.882,-113.814,0.822,13.299,38.038,-37.092,19.339,23.545,0.005,-15.801,71.029,-3.920,3.654,-107.040,58.640,-9.928,-99.180,-115.554,-9.321,-10.329,
-4.050,-164.745,-27.368,24.961,20.430,4.242,-35.436,54.239,24.315,18.714,-29.887,24.149,7.131,-53.491,-7.867,3.739,-47.272,-59.736,-3.401,-5.039,-33.545,-34.055,-8.956,-4.065,-6.498,-9.725,-2.844,-0.337,-8.785,-114.206,-12.987,-0.994,11.318,-66.876,-5.581,2.840,26.044,-26.816,13.608,1.960,-10.362,1.279,-14.645,0.754,-23.431,27.085,-18.261,2.186,-4.510,26.549,-3.349,6.011,0.979,11.707,0.094,3.837,3.478,4.345,8.873,0.046,12.448,3.394,17.223,-0.045,-0.562,5.860,-2.990,-0.085,-12.708,9.032,-0.826,-2.791,-3.439,29.465,-5.409,-0.613,-1.381,30.251,1.178,13.250,19.131,20.201,1.909,21.326,6.680,42.550,21.844,4.920,0.833,8.923,12.521,0.104,-8.871,-10.232,1.213,-0.377,-3.693,-52.150,-3.935,-2.252,-2.016,-62.634,-5.247,-8.358,-0.536,-50.147,1.763,-12.250,45.071,-29.341,7.013,-15.941,19.941,19.843,17.734,2.502,-1.008,3.843,-1.387,0.126,-0.013,-8.089,-3.115,7.047,3.300,-12.849,-1.707,7.600,-2.336,0.342,0.818,-1.082,5.719,-4.442,12.165,-3.944,-24.810,7.906,19.737,-14.281,22.733,16.789,6.253,9.843,-6.466,-11.656,-2.840,3.222,-1.564,-22.984,-3.033,2.950,22.472,-27.872,0.365,9.729,8.426,-25.937,5.961,-6.329,13.352,-31.004,5.161,-12.807,-31.539,-3.348,-1.678,2.312,-8.719,1.721,-0.366,9.809,-19.421,-1.795,-1.238,4.824,-14.459,-5.550,-0.912,-15.921,14.609,-53.823,13.234,-5.244,4.818,-62.595,0.451,0.770,7.178,-39.617,-9.414,-0.158,0.749,-5.916,-18.951,5.675,
11.606,24.712,-6.632,2.095,85.214,64.249,-2.183,24.315,341.890,-98.086,42.914,51.060,281.934,-413.648,-34.066,-0.767,-92.086,-513.132,-184.376,-38.925,-226.458,-351.717,-133.516,-28.943,-91.766,-125.518,-26.070,-9.471,-8.677,-152.472,-7.975,-10.073,107.508,-144.976,35.664,-4.631,286.878,-81.524,58.931,7.902,28.186,-18.370,-173.479,-2.196,-100.937,61.927,-162.794,5.367,-25.723,115.645,-43.423,29.418,8.342,69.718,-5.234,31.029,45.550,34.114,49.979,-0.937,139.420,35.046,73.854,2.353,71.945,23.553,-45.752,3.024,-70.259,20.748,-84.709,-14.901,-27.651,17.580,-11.887,-10.877,5.374,94.117,7.492,42.246,157.811,156.665,3.791,122.120,114.858,117.897,72.824,12.067,62.185,-55.101,-33.543,4.158,-5.009,-95.115,-46.286,-6.982,-12.851,-200.487,-21.675,-13.309,-8.417,-261.217,-6.364,-23.378,-13.829,-227.905,-2.294,-58.384,297.385,-113.723,12.993,-39.648,48.460,-20.607,-49.448,14.529,29.152,-101.709,-56.387,0.468,31.764,-112.674,-21.184,-7.568,4.649,-74.889,10.939,-6.510,-9.060,-11.199,9.269,10.699,-9.402,-12.131,16.101,-7.020,17.968,-9.078,55.991,-65.276,-60.941,-36.547,-39.372,-3.539,-22.804,-48.422,-38.370,-11.687,68.319,-110.724,-8.411,-3.677,53.641,-84.781,29.711,-2.793,-1.516,-75.718,26.623,10.377,34.913,-52.577,24.044,-0.383,-60.654,-19.433,10.740,-5.608,-56.595,-57.690,-5.543,-31.727,-45.164,-118.705,-13.249,-90.549,96.482,-179.229,-0.136,-55.767,68.223,-104.071,13.853,27.375,22.477,-72.552,11.716,6.841,59.159,-69.736,-25.676,3.326,16.094,-55.835,-47.200,2.002,
216.328,937.404,-2.059,67.002,10.000,1285.377,-58.157,18.714,-98.086,1428.087,-166.860,-7.450,118.234,1022.024,-84.228,97.407,122.647,296.667,-92.775,63.368,-142.436,-91.780,-157.680,2.142,-119.715,-65.720,-35.956,-4.213,-71.119,-739.180,-83.218,-42.850,-28.260,-672.427,-65.480,-25.539,-25.534,-236.113,30.269,-13.590,-40.926,18.635,9.305,-17.824,-79.303,-24.857,-130.070,0.693,-41.954,-65.773,-63.302,9.168,-11.226,-44.991,-7.318,-18.144,53.796,238.710,84.696,-1.967,21.036,390.409,151.364,2.727,-123.312,428.069,-79.998,23.077,-114.045,394.407,-226.491,-7.116,-26.004,236.236,-121.649,56.538,10.164,130.275,-17.658,79.434,-37.403,49.079,3.170,3.829,118.967,639.999,99.607,-10.009,-142.215,235.942,-177.056,1.949,-155.709,52.246,-241.155,-18.914,-33.702,-112.485,-174.881,-15.093,0.690,-142.036,-84.424,7.980,45.253,-83.935,-7.239,10.187,41.073,35.934,16.393,-39.789,-51.729,101.650,-242.655,-27.071,-38.580,-13.412,-251.845,-5.886,-13.936,165.961,-64.165,14.592,5.889,223.480,-4.267,44.276,27.984,227.609,25.616,39.445,49.725,241.595,8.527,17.887,-77.327,9.961,-23.715,-48.720,-109.760,-222.458,-156.207,10.785,206.413,136.636,0.078,18.855,-64.239,152.626,34.013,4.899,-78.854,-89.382,-43.366,-11.994,30.168,-92.614,13.476,-53.336,25.119,21.163,19.720,-41.541,-47.935,30.244,-86.841,11.129,74.718,-82.361,-15.105,35.362,300.606,316.517,-3.920,121.335,-1.552,606.347,-15.078,-30.359,-151.145,306.247,42.295,-269.595,8.240,-125.550,54.744,-118.327,-44.248,19.329,-104.892,-22.025,136.785,88.255,-121.575,25.276,
-53.139,-42.307,20.924,-20.075,-20.876,-103.922,105.250,-29.887,42.914,-166.860,221.043,-21.644,137.801,-210.260,160.097,-16.672,42.693,-278.043,4.332,-31.793,-114.407,-211.664,-50.597,-18.685,-60.782,-54.735,-6.999,-2.857,15.886,166.822,37.575,-0.469,36.488,58.883,68.857,-2.714,88.924,-39.086,98.958,-0.368,10.872,-108.417,4.812,-6.190,-42.031,-57.569,-59.228,-2.678,-23.665,25.632,-20.087,5.104,-0.910,34.126,-1.076,12.432,11.115,-11.326,20.162,-0.460,63.611,-79.372,34.157,1.026,66.087,-59.504,67.586,1.472,-33.125,-11.069,34.279,-23.046,-15.997,25.319,22.789,-30.458,-2.122,76.636,8.299,15.815,56.887,95.832,-0.431,95.894,-4.372,-38.271,57.625,-2.682,48.978,-51.682,56.769,2.590,26.808,-22.032,55.197,-1.782,-7.335,-68.717,33.185,-13.289,-6.632,-124.388,12.232,-29.410,-16.539,-112.410,-4.999,-30.581,158.360,-64.894,11.972,26.412,-13.836,-55.338,35.404,1.092,13.310,-97.922,39.029,1.103,16.525,-79.706,38.554,-9.737,-1.578,-4.794,17.150,-9.422,-16.831,0.949,-4.704,13.919,-11.789,-28.222,3.547,4.117,32.189,-34.250,54.417,-37.650,-85.624,-51.435,-4.249,-14.101,-1.364,-63.579,11.154,-10.406,66.010,-77.503,39.261,-3.843,7.686,-27.010,22.915,-1.828,-20.550,7.214,3.547,32.781,24.553,-16.897,42.753,29.639,-55.056,-24.982,54.636,-5.082,-37.994,-41.228,0.694,-33.008,-31.061,-143.668,-0.144,-29.360,31.343,-192.485,-9.600,60.606,10.497,-68.021,-15.164,69.401,-17.976,28.375,64.357,23.517,11.786,-71.485,126.018,7.342,-99.319,-149.690,46.589,-18.307,
2.906,-51.364,-15.732,4.660,17.594,-11.910,-28.267,24.149,51.060,-7.450,-21.644,52.729,43.786,-99.527,-6.629,23.250,-42.806,-137.899,-36.738,-3.227,-70.339,-105.021,-36.740,-7.449,-38.198,-51.123,-10.216,-2.682,-7.590,-99.444,-10.036,-4.016,16.617,-64.336,8.861,-0.813,48.025,-31.976,39.614,3.995,-2.059,-10.297,-25.851,1.344,-31.451,-0.160,-39.378,1.249,-11.002,6.508,-15.747,5.012,-0.567,5.401,-2.836,4.657,14.547,22.717,19.791,-0.599,32.091,19.726,25.805,0.183,7.836,8.811,-12.343,1.454,-20.303,11.696,-24.494,-0.380,-5.605,13.336,-6.774,4.416,3.103,10.377,0.427,23.651,15.437,1.671,0.697,22.652,28.870,41.945,14.598,3.030,15.687,2.614,-7.462,1.039,-6.469,-6.521,-10.170,-0.987,-6.201,-48.679,-1.900,-2.341,-1.230,-64.130,1.461,-0.986,9.134,-44.681,3.008,2.262,26.662,-11.838,6.252,2.651,31.357,10.254,3.779,4.099,10.078,16.615,-6.438,0.038,5.086,7.557,-9.941,6.920,3.001,-23.000,-0.900,13.465,2.976,-24.504,5.990,6.673,8.880,-19.108,8.888,-2.503,-21.912,-4.078,6.443,-5.891,38.422,24.666,5.353,13.198,-3.224,-5.931,-5.360,4.621,-6.389,-33.543,-9.256,3.563,21.726,-49.761,-0.124,14.054,18.894,-60.116,8.921,7.773,3.871,-46.973,8.445,-6.578,-25.613,-22.253,9.533,-1.334,-8.783,3.329,-0.240,7.454,-27.058,-1.881,-1.329,3.113,-15.240,-11.091,-0.297,-8.950,20.966,-36.954,3.036,3.623,11.570,-38.643,-9.124,5.237,1.908,-31.367,-6.604,-0.921,3.839,-3.557,-6.345,0.811,
-30.706,61.186,29.907,-9.877,24.826,236.632,60.575,7.131,281.934,118.234,137.801,43.786,809.078,-599.247,81.191,61.409,156.990,-1159.106,-312.113,-38.510,-476.771,-865.106,-294.785,-64.322,-291.355,-369.646,-72.781,-21.144,-21.278,-243.193,-15.451,-21.180,109.963,-272.683,23.150,-7.439,444.189,-167.888,132.117,6.485,222.230,-160.667,-186.171,-7.982,-119.348,-111.719,-352.157,3.970,-84.164,6.970,-134.838,29.837,-9.019,30.473,-23.549,29.375,39.549,2.775,47.857,-1.766,210.113,8.962,128.085,4.444,232.953,40.217,13.498,21.428,-74.814,109.271,-122.531,-32.874,-49.704,128.783,-47.161,-13.641,16.499,193.354,3.740,92.560,150.091,214.784,3.871,194.298,144.445,182.686,185.499,-5.913,128.358,-98.805,88.943,3.782,1.487,-185.495,-0.147,-13.145,-24.146,-353.982,-26.127,-28.040,-10.358,-460.398,2.320,-55.402,-10.411,-344.864,-2.965,-78.028,413.867,-90.892,27.607,-10.240,125.020,59.907,41.060,3.087,61.720,-283.433,-29.960,-2.200,51.883,-316.227,-7.430,-20.562,16.873,-152.731,55.085,-24.594,3.648,31.521,61.934,-0.743,-21.469,83.606,25.165,-24.546,37.414,-18.383,64.227,-91.274,-161.886,-72.354,-47.587,-19.909,-40.347,-155.801,-55.878,-27.329,127.474,-243.559,12.937,-16.552,115.877,-197.444,104.470,-34.253,24.189,-61.256,86.876,-19.949,61.196,-36.896,54.466,6.315,-53.471,-10.093,5.615,8.643,-182.920,-133.259,-9.925,-85.365,-105.070,-333.149,-25.166,-198.500,163.625,-522.783,-13.602,-57.292,178.859,-319.615,-10.385,97.703,34.236,-17.189,20.127,29.454,95.558,-88.014,100.992,3.043,-37.064,-188.998,16.615,-21.808,
61.839,343.331,69.557,-55.446,-16.659,312.771,29.729,-53.491,-413.648,1022.024,-210.260,-99.527,-599.247,2293.816,-141.685,-4.544,231.860,2060.522,331.922,123.151,504.383,1099.557,198.993,57.283,298.329,459.961,65.706,15.127,-28.276,-21.478,-2.365,-18.793,-232.599,-269.308,-148.742,-20.814,-557.889,-109.139,-253.932,-39.827,-102.096,152.134,292.953,-30.770,165.305,2.676,355.111,-26.393,87.330,-129.574,127.041,-53.009,7.850,-77.640,28.489,-55.615,-71.633,-24.110,-107.146,-2.002,-258.226,201.841,-126.995,-9.301,-170.657,274.043,-9.853,-6.083,58.732,182.036,22.359,18.644,57.863,62.282,-20.808,15.068,-11.958,-44.477,-10.656,-149.759,-209.101,-93.891,-5.113,-280.226,-144.941,90.368,-168.549,-28.397,-153.970,274.580,-189.748,1.276,-39.236,296.186,-158.098,9.776,7.615,388.680,-89.768,9.267,9.913,528.922,-57.158,30.242,9.543,532.420,-14.244,20.791,-373.000,368.416,-17.306,-46.100,-177.952,131.973,-203.831,-51.295,-79.169,296.578,-146.147,0.741,-88.846,350.764,-88.353,35.065,-16.486,159.597,-82.308,7.374,27.605,133.368,-31.158,-76.546,3.578,186.126,-28.359,-23.832,76.610,98.267,-105.639,17.848,55.121,-74.156,-78.697,16.060,170.269,274.570,18.150,19.347,-233.369,392.619,-43.683,3.087,-180.533,175.545,-92.551,-26.234,5.303,198.054,-55.257,-174.389,-38.156,259.912,-43.104,-80.419,130.997,178.490,-126.479,1.816,255.354,87.862,-1.751,95.624,340.223,540.665,5.388,186.273,-11.444,912.435,1.649,-61.437,-112.037,637.574,31.805,-314.882,52.324,201.581,-12.459,-133.822,-3.389,309.110,-232.222,-20.811,243.511,369.937,-152.813,34.398,
-97.678,-487.341,-36.910,-24.850,-14.852,-217.420,4.633,-7.867,-34.066,-84.228,160.097,-6.629,81.191,-141.685,390.152,-7.702,81.298,-281.289,204.597,-35.368,-141.769,-329.411,-41.791,-30.447,-141.975,-158.658,-22.794,-8.236,-8.660,7.957,2.055,-9.830,9.853,12.401,38.983,-1.803,68.379,-36.726,222.851,1.629,-16.845,-139.703,180.904,-9.390,-101.491,-159.847,-62.563,-9.706,-56.475,-79.558,-57.566,2.408,-15.168,-27.614,-12.332,0.632,-0.235,-60.578,6.584,-1.814,80.584,-95.034,106.075,3.663,98.142,-24.912,213.546,11.228,-55.342,45.273,85.271,-33.983,-44.565,35.160,7.324,-30.379,-16.656,69.625,1.115,43.841,-12.690,44.312,-3.968,87.924,-8.854,-28.355,154.470,-1.783,80.096,-39.083,195.138,8.325,33.940,60.807,131.303,5.721,-10.162,6.333,64.310,-15.857,-14.442,-98.175,21.070,-26.483,-50.174,-88.368,-5.456,3.089,104.105,-45.072,-5.515,127.661,51.159,43.482,208.874,-0.995,6.332,-116.244,106.603,0.384,14.899,-112.953,59.868,-0.308,1.730,-14.616,15.103,8.072,-26.661,-55.144,-22.414,45.540,-63.075,-141.732,-21.651,34.667,180.795,-89.494,35.849,23.544,-78.889,-8.941,47.826,-15.985,-9.272,-116.001,16.921,-9.680,95.635,-134.712,64.620,4.091,50.148,-46.207,32.212,24.695,-16.205,-16.729,-25.763,100.070,-18.602,-30.603,6.172,115.960,89.355,-25.078,122.748,8.766,-86.739,-49.462,3.329,-35.797,-68.007,-202.288,3.899,-27.469,42.979,-282.015,-3.099,105.818,57.927,-128.488,-35.994,136.872,-8.603,140.836,-10.051,68.932,25.126,84.528,164.059,39.835,-60.706,-92.686,171.493,-17.707,
6.411,87.700,10.348,14.326,-1.348,88.891,-0.207,3.739,-0.767,97.407,-16.672,23.250,61.409,-4.544,-7.702,68.878,13.996,-149.117,-27.493,34.187,-70.509,-129.859,-40.780,-7.063,-59.944,-76.406,-15.235,-3.419,-10.489,-73.661,-7.652,-3.776,-4.272,-71.506,-2.409,-2.269,10.263,-25.378,25.765,0.580,30.609,-6.559,16.900,2.909,-9.043,-35.533,-38.083,3.737,-15.722,-36.294,-25.361,0.944,-4.152,-14.169,-5.276,-1.870,8.598,40.654,10.785,-0.593,7.706,35.302,23.931,-0.087,2.172,21.889,4.241,4.665,-8.870,27.819,-29.259,2.656,-3.687,14.207,-18.561,16.600,6.783,-22.609,-2.931,28.550,-9.928,-32.959,2.396,-3.106,12.833,35.698,1.722,-1.646,-2.743,20.772,-3.483,0.072,-12.074,-14.076,-20.730,-1.076,-4.765,-41.137,-12.711,-1.369,2.267,-44.693,-0.819,4.404,30.141,-35.474,1.778,17.007,-15.220,-8.770,5.735,-6.389,8.239,-16.987,-7.967,0.374,2.320,12.981,-16.959,-0.194,3.952,18.448,-10.987,6.831,6.459,12.620,15.991,10.052,8.102,47.246,20.830,-0.922,22.524,44.117,2.739,1.580,-39.889,11.856,-23.157,5.617,25.313,-12.737,-8.230,12.950,6.298,-6.656,-3.498,4.641,-13.285,-32.254,2.433,0.569,16.139,-55.157,13.556,-2.044,10.335,-56.478,23.715,-20.091,-9.593,-38.820,20.180,-15.215,-34.320,15.317,-12.391,11.798,-2.715,-0.294,-1.278,13.472,-6.304,13.167,-0.806,10.972,4.756,20.331,2.187,-4.974,9.833,-16.880,12.317,-24.819,-6.311,-64.793,23.600,-14.519,-26.200,-57.009,16.900,-11.724,-31.241,-18.681,-5.220,-4.513,
-54.283,112.207,76.670,-50.150,-42.012,-35.249,77.403,-47.272,-92.086,122.647,42.693,-42.806,156.990,231.860,81.298,13.996,606.380,-133.669,25.701,24.513,42.880,-483.778,-155.487,-26.273,-217.890,-288.307,-54.228,-17.685,-5.802,120.859,13.975,-1.793,-49.696,-17.410,-31.708,-5.518,-10.358,-36.924,-6.683,-8.163,165.178,-49.174,130.802,-11.845,68.088,-197.040,-69.326,-16.525,-23.113,-171.515,-88.050,-17.796,-18.614,-68.073,-19.808,-17.984,-35.492,-79.850,-35.561,-0.168,2.553,-55.956,-9.924,2.248,142.590,18.266,97.681,8.992,36.935,27.553,25.625,-23.036,-18.702,44.249,-25.649,-39.723,-0.836,107.804,-0.926,-45.680,-52.195,82.067,5.199,-15.738,-18.155,-101.767,15.063,-8.303,55.181,-52.589,83.922,3.968,48.150,50.889,62.977,4.113,-4.548,83.050,41.638,-17.451,-3.979,59.363,32.316,-31.725,-29.806,93.910,6.252,-26.505,71.505,119.775,9.812,25.675,-1.068,7.099,43.332,-11.064,13.660,-121.797,39.326,-1.302,-5.595,-162.552,26.301,-18.562,-8.396,-86.011,42.062,-40.422,-2.575,42.408,35.715,-43.072,-44.662,105.723,0.033,-25.316,91.495,16.578,5.749,-4.553,-124.733,-48.382,-9.012,-41.978,-6.683,-83.639,-23.123,-17.576,28.923,-69.728,53.941,-21.857,-18.982,8.941,85.314,-54.205,-5.097,118.619,45.580,-79.287,2.010,152.360,15.500,-24.850,-54.161,137.641,39.791,11.374,-94.797,-57.073,0.106,-68.988,-11.342,-210.935,-3.509,-137.646,153.934,-301.674,18.292,7.378,89.288,-42.947,19.678,24.228,29.704,87.957,57.485,-19.440,30.708,52.783,37.832,-5.849,-37.339,-57.613,15.833,-11.606,
-11.944,-127.363,-10.630,-47.222,-33.800,-222.603,-31.464,-59.736,-513.132,296.667,-278.043,-137.899,-1159.106,2060.522,-281.289,-149.117,-133.669,3213.594,551.921,72.769,996.770,2312.578,594.995,126.918,734.823,1037.845,188.436,49.345,20.841,440.089,31.326,15.166,-278.049,229.103,-164.883,-7.023,-839.169,100.999,-470.641,-37.718,-257.438,234.227,294.497,-17.379,299.731,204.715,725.900,-33.403,198.674,-4.313,323.608,-81.325,33.290,-47.932,68.415,-65.900,-130.426,-164.553,-187.037,1.990,-415.581,-11.216,-339.732,-16.058,-307.252,21.604,-61.866,-37.604,192.069,-83.249,213.168,54.605,121.911,-187.126,70.737,3.524,-25.174,-363.401,-7.542,-283.470,-323.851,-412.315,-18.087,-480.159,-288.736,-149.836,-363.511,-15.756,-196.283,268.285,-222.409,-5.774,39.144,403.418,-56.380,29.047,67.646,783.917,-11.640,51.896,28.885,1071.120,-36.895,93.083,-3.875,942.999,-4.216,74.994,-817.268,451.880,-62.807,-31.773,-273.463,133.993,-187.025,-38.280,-111.195,506.296,-34.743,6.574,-104.254,440.266,-85.994,39.800,-9.434,23.515,-145.371,9.689,29.531,-174.667,-94.638,-103.213,-0.974,-70.452,-44.965,-24.101,60.499,133.978,-145.459,139.576,207.781,107.214,24.710,22.849,41.632,411.454,46.954,20.045,-344.333,552.106,-128.472,23.691,-162.022,384.014,-185.023,28.266,-10.454,290.659,-146.033,-104.888,-103.086,268.621,-133.184,-74.782,357.495,76.217,-129.244,-36.493,402.164,259.062,12.660,140.529,282.044,756.581,25.749,279.867,-193.133,1131.931,8.617,-79.113,-108.732,759.370,-17.328,-241.525,42.341,401.090,-169.293,-72.259,-36.628,524.692,-322.384,5.975,398.135,593.941,-105.843,53.189,
-131.700,-706.696,-36.245,-38.045,-19.468,-436.520,-12.887,-3.401,-184.376,-92.775,4.332,-36.738,-312.113,331.922,204.597,-27.493,25.701,551.921,464.586,2.969,199.085,256.945,188.757,7.817,10.445,11.731,11.745,-4.694,-5.781,118.298,1.383,-0.536,-75.162,132.832,-27.281,0.374,-189.682,62.095,65.953,-9.290,-48.325,-31.038,322.206,-3.201,-3.741,-129.617,166.835,-13.731,-14.154,-135.518,14.543,-24.428,-11.815,-65.944,-4.105,-18.904,-48.240,-114.816,-47.604,-1.878,-63.356,-126.713,0.370,-4.197,19.965,-66.967,216.216,-0.760,21.121,-41.156,167.292,-9.849,-17.595,-64.720,9.726,-26.041,-28.272,-70.102,-8.432,-52.062,-114.375,-93.146,-7.020,-76.913,-93.479,-73.044,38.494,-2.344,21.858,15.437,169.215,1.940,53.037,156.862,137.579,19.759,10.701,254.104,84.688,3.231,-6.143,259.477,19.588,6.600,-40.667,219.919,-0.923,39.167,-203.833,92.720,-23.864,110.804,-14.422,137.348,191.127,-4.965,-24.456,53.040,136.811,2.508,-18.087,1.211,42.798,14.969,-3.072,-44.460,-22.077,14.043,-15.765,-126.940,-46.784,-4.709,-46.249,-174.918,-26.207,18.409,148.827,-50.972,-21.202,75.745,-2.562,81.251,78.085,2.892,-26.235,-29.065,17.434,-0.383,26.679,-15.493,12.180,11.522,11.999,73.313,-14.171,42.944,-23.825,71.642,-62.355,64.835,-67.891,25.759,-31.055,72.760,118.021,1.894,95.240,-3.354,-19.391,1.151,4.699,6.028,-47.878,-62.861,3.096,28.690,33.322,-83.371,2.000,88.945,51.771,16.177,-28.398,96.189,-11.743,195.526,-56.133,41.975,2.115,151.416,57.745,27.403,-29.695,32.269,126.182,-6.778,
9.806,108.804,20.765,4.963,-9.129,44.497,8.549,-5.039,-38.925,63.368,-31.793,-3.227,-38.510,123.151,-35.368,34.187,24.513,72.769,2.969,63.428,23.157,11.931,0.167,14.992,-11.282,-14.243,-3.926,-1.536,-3.353,-21.987,-1.467,0.080,-24.082,-34.795,-15.055,-0.580,-58.844,-32.804,-38.588,-1.877,11.069,0.261,26.576,0.686,37.455,-12.643,34.843,0.838,9.740,-39.168,1.522,-5.498,-1.678,-20.397,-1.466,-6.690,-6.534,11.613,-10.874,0.466,-37.575,5.320,-17.091,-2.217,-24.496,-10.155,-6.544,-3.257,17.864,-5.483,-2.826,5.680,5.911,-0.257,-8.984,14.462,0.920,-43.417,-2.420,0.852,-36.272,-58.808,2.521,-40.690,-24.279,-39.904,-38.702,-1.407,-19.128,17.277,-15.249,-1.657,-3.148,-7.063,-10.253,0.202,0.563,18.709,-7.305,1.669,-1.482,45.858,-5.697,8.443,18.043,46.436,-2.014,23.043,-69.268,28.023,-0.708,-1.436,-22.132,-33.490,-15.615,-1.755,-6.531,35.710,-5.551,0.380,-9.118,22.809,-11.247,4.120,-2.419,-14.265,3.147,1.582,-1.910,30.279,9.016,-11.662,15.288,59.755,-2.827,-3.463,-19.439,23.628,-27.986,15.670,31.132,2.152,3.847,7.601,-8.843,10.828,-1.696,6.380,-38.805,-5.390,-16.319,0.617,-10.541,-13.956,11.291,-8.000,-13.777,1.586,17.083,-28.077,-14.767,8.355,12.459,-25.185,-14.996,42.636,-18.655,7.066,16.979,8.545,0.450,15.115,-20.332,25.374,-2.813,12.762,-4.979,9.115,1.943,-4.254,10.639,6.737,7.778,-14.754,-11.732,-0.937,10.748,-13.231,-20.858,-18.407,4.073,-10.660,-26.037,14.650,-6.562,-6.703,
-32.011,-100.637,14.626,-32.800,-31.340,-325.399,-6.625,-33.545,-226.458,-142.436,-114.407,-70.339,-476.771,504.383,-141.769,-70.509,42.880,996.770,199.085,23.157,648.657,683.545,225.574,52.443,221.210,107.088,25.961,5.254,26.770,332.726,25.153,25.935,-118.140,275.767,-60.119,3.126,-351.202,151.598,-214.944,-15.202,-61.834,141.415,120.574,1.672,213.788,97.271,296.863,-5.581,118.610,-33.737,93.167,-31.813,13.174,-42.723,6.665,-22.962,-73.370,-91.461,-82.300,3.182,-203.308,-96.233,-164.090,-6.713,-98.287,-125.812,6.503,-26.730,132.901,-183.224,129.519,19.525,65.787,-150.567,45.501,-14.723,-1.297,-148.268,-3.793,-138.868,-103.245,-173.539,-2.490,-216.060,-148.994,-214.028,-162.687,-4.808,-63.396,39.511,-3.723,-4.732,45.545,108.884,64.854,11.880,32.908,308.950,50.050,21.516,7.210,464.607,13.638,26.231,-11.662,394.916,2.136,20.050,-346.828,172.303,-25.094,-26.269,-85.990,-3.995,-14.641,-11.720,-34.162,159.842,62.026,0.725,-43.295,87.187,-4.772,-3.718,-10.218,-39.833,-32.293,-30.745,6.386,-44.519,-20.118,-60.872,-10.812,-4.727,-24.756,-8.061,15.395,84.250,-75.395,98.530,51.472,103.391,41.422,-16.123,-44.177,88.783,19.461,-6.832,-107.138,156.205,-52.476,-6.146,-32.709,189.902,-39.741,-20.016,-31.969,177.425,-46.609,-61.799,-42.279,158.265,-71.250,-28.750,178.261,91.152,-38.782,-7.753,89.542,61.589,7.600,8.440,14.408,140.831,10.030,18.943,-58.221,162.726,10.826,-53.733,21.094,181.148,-23.078,-27.128,-8.440,235.590,-105.553,1.666,-15.081,253.272,-94.206,4.057,155.188,241.882,-9.012,21.638,
-6.406,-152.459,-32.933,12.735,-17.522,-341.482,-32.165,-34.055,-351.717,-91.780,-211.664,-105.021,-865.106,1099.557,-329.411,-129.859,-483.778,2312.578,256.945,11.931,683.545,2482.081,636.848,108.777,925.619,1423.069,263.518,74.871,42.649,518.720,39.052,21.100,-186.875,348.943,-116.646,2.310,-657.109,150.470,-461.866,-24.692,-249.192,209.657,43.413,-6.614,237.295,386.819,654.385,-14.204,177.498,209.958,392.705,-50.080,47.014,59.971,94.702,-36.839,-102.963,-184.215,-177.191,1.623,-376.711,-95.079,-354.506,-15.587,-314.275,-156.899,-160.653,-35.988,221.985,-174.636,208.038,78.338,141.507,-246.228,130.393,35.896,-9.739,-493.310,4.561,-212.719,-230.643,-475.208,-16.839,-408.580,-277.885,-380.520,-358.926,-14.765,-183.970,101.983,-181.410,-14.242,29.935,141.558,-35.662,19.555,83.955,521.660,-24.271,72.159,43.098,828.745,-30.780,117.107,34.967,672.992,-1.127,88.859,-787.384,260.426,-61.353,-88.778,-223.992,52.627,-112.974,-17.018,-81.196,419.590,21.917,4.299,-62.734,356.783,-76.787,23.643,9.166,31.951,-112.666,-5.185,43.910,-173.941,-58.627,-82.962,52.512,-67.985,-24.238,-15.413,-103.284,154.594,-144.664,127.623,240.076,184.267,62.364,29.551,-17.249,325.501,46.282,12.145,-251.489,428.521,-129.426,24.507,-91.237,307.854,-169.489,26.421,17.458,200.790,-96.630,-74.518,-77.461,115.968,-108.080,-67.562,322.171,-44.894,-172.707,-34.975,337.848,267.056,7.788,141.236,172.600,639.193,24.984,265.614,-222.557,934.650,3.284,-95.949,-90.482,513.828,-14.078,-161.237,44.764,236.351,-140.938,-28.491,-32.793,313.043,-256.315,-5.895,304.714,441.157,-94.051,29.431,
-41.578,-331.830,-20.947,-11.243,-12.143,-279.589,-11.115,-8.956,-133.516,-157.680,-50.597,-36.740,-294.785,198.993,-41.791,-40.780,-155.487,594.995,188.757,0.167,225.574,636.848,268.922,32.727,217.448,302.487,71.596,15.022,13.151,166.302,10.135,13.402,-59.458,194.574,-23.213,5.010,-215.350,103.536,-83.986,-7.584,-77.804,73.717,101.765,1.251,63.429,80.236,227.115,-2.732,35.264,-0.275,102.728,-17.676,4.317,-11.617,17.283,-12.120,-37.166,-69.170,-53.835,0.418,-121.316,-72.052,-91.190,-6.106,-76.825,-96.501,23.660,-11.731,77.239,-87.828,128.264,17.467,26.433,-111.525,42.296,2.866,-12.628,-177.977,0.907,-63.348,-90.129,-176.207,-5.425,-127.376,-100.549,-146.737,-83.708,-3.325,-46.861,3.162,22.177,-5.408,32.802,46.805,67.688,13.463,30.053,198.498,41.521,20.401,5.830,291.040,7.917,28.836,-9.354,236.195,5.044,48.809,-290.242,82.598,-20.773,23.728,-51.847,78.008,75.635,-2.069,-27.828,118.264,87.507,1.962,-20.992,63.610,5.266,9.800,-1.235,-46.214,-29.421,3.948,1.565,-118.818,-26.477,-25.927,-5.704,-89.182,-11.007,-1.868,0.384,31.867,-46.149,73.044,63.215,115.080,67.967,11.888,-51.314,39.772,13.253,3.007,-36.963,67.598,-36.157,12.773,-8.497,120.350,-42.205,26.806,-6.934,89.944,-42.506,14.032,-50.637,28.068,-36.974,7.208,99.281,-13.428,-5.911,-9.433,41.476,46.216,3.784,30.936,-22.831,65.996,3.682,59.348,-35.282,86.792,4.920,6.386,-0.351,58.325,-9.739,35.774,-5.292,142.318,-63.746,22.912,-9.268,111.676,-33.657,11.276,30.590,89.717,26.380,1.883,
11.806,27.209,4.675,0.879,-6.837,-6.574,-1.096,-4.065,-28.943,2.142,-18.685,-7.449,-64.322,57.283,-30.447,-7.063,-26.273,126.918,7.817,14.992,52.443,108.777,32.727,25.991,32.090,47.219,9.594,4.813,4.229,23.763,0.852,2.358,-12.779,22.225,-10.041,0.063,-47.205,10.093,-34.946,-1.307,-19.762,6.180,0.828,0.149,22.014,21.230,49.526,-0.196,15.002,6.081,23.506,-3.033,1.491,-1.070,3.828,-2.791,-6.134,-11.362,-10.881,0.553,-26.140,0.763,-22.361,-1.464,-29.419,-12.847,-15.553,-3.314,14.317,-22.165,12.255,4.559,8.078,-12.626,9.508,5.461,-0.616,-29.090,0.754,-9.144,-19.004,-36.268,0.396,-27.016,-17.720,-23.878,-26.587,0.604,-19.751,9.728,-19.289,-1.432,-3.306,-2.438,-5.967,-0.127,3.419,22.369,-0.902,4.128,0.647,46.030,-1.444,10.476,4.961,40.113,-0.675,10.177,-55.131,15.396,-1.473,-3.688,-20.459,3.078,-11.533,-0.189,-11.216,35.597,-3.175,0.224,-7.982,27.622,-4.036,1.487,-3.523,4.591,-5.204,-1.498,-0.445,3.167,-2.169,-5.672,9.501,9.969,-1.467,-0.510,-17.324,0.078,-8.333,7.601,19.912,23.860,8.619,3.718,-10.861,29.250,7.841,3.945,-25.902,34.389,-9.107,0.960,-14.187,31.264,-8.741,-2.340,-9.261,26.432,-3.328,-5.483,-8.419,10.433,-3.246,-9.380,0.519,-6.664,-11.862,-6.509,28.179,21.035,1.587,14.353,2.171,52.474,2.630,24.895,-27.288,59.605,2.857,-0.809,-16.162,35.597,1.313,-14.073,-14.426,18.376,-2.213,-3.827,-15.383,-3.983,-2.506,-2.020,-3.981,12.212,-5.791,-0.611,
2.467,-32.611,-10.402,8.664,2.357,-217.695,-18.705,-6.498,-91.766,-119.715,-60.782,-38.198,-291.355,298.329,-141.975,-59.944,-217.890,734.823,10.445,-11.282,221.210,925.619,217.448,32.090,502.925,682.805,118.501,32.662,17.478,213.900,15.243,9.425,-62.349,136.618,-41.087,4.440,-229.220,38.524,-184.968,-8.555,-116.210,63.176,-52.715,-5.404,88.776,209.616,231.128,-2.083,101.655,168.000,179.122,-12.207,32.338,59.201,47.892,-10.002,-38.458,-76.282,-63.344,0.226,-152.001,-68.483,-140.712,-5.523,-145.283,-105.835,-90.551,-22.569,72.546,-76.623,85.643,16.091,71.936,-52.154,77.851,8.123,13.951,-127.883,12.221,-63.313,-52.498,-129.826,-5.104,-124.801,-99.188,-232.732,-140.941,-5.328,-74.966,5.300,-75.372,-6.313,0.568,6.248,-15.551,1.506,22.069,122.690,-14.174,21.731,3.400,251.830,-10.952,27.400,4.283,209.189,1.792,20.191,-201.177,102.744,-21.587,-46.155,-42.878,-31.540,-43.869,-6.952,-13.902,141.209,10.554,1.167,-19.154,115.216,-23.739,8.375,-0.090,27.369,-34.436,-2.033,13.092,-14.441,-20.157,-22.523,9.402,20.529,-9.372,-9.601,9.726,76.789,-35.469,19.957,122.510,69.349,19.400,4.475,2.195,91.400,6.040,1.284,-63.568,115.838,-39.989,13.495,-30.091,80.557,-54.898,13.864,-8.497,66.366,-31.980,-36.039,-3.408,39.695,-40.103,-31.153,125.312,-14.991,-61.586,-22.312,97.527,94.047,1.953,43.656,40.193,187.417,6.214,79.647,-72.973,265.316,-3.987,-26.475,-57.961,145.176,-13.109,-29.754,-21.984,105.871,-51.123,-5.180,13.846,133.771,-86.794,-13.054,90.250,160.535,-30.447,-6.813,
4.678,41.808,-4.022,49.248,-5.348,-149.112,-5.927,-9.725,-125.518,-65.720,-54.735,-51.123,-369.646,459.961,-158.658,-76.406,-288.307,1037.845,11.731,-14.243,107.088,1423.069,302.487,47.219,682.805,1300.850,228.457,68.658,22.304,287.061,31.495,7.763,-73.690,128.874,-45.704,2.905,-295.118,6.206,-240.200,-10.763,-175.619,52.714,-78.953,-10.612,41.199,260.391,341.878,-8.088,68.537,244.191,291.442,-18.391,34.041,118.269,91.937,-13.731,-44.521,-107.982,-83.706,-0.477,-178.747,-33.499,-177.381,-5.457,-197.204,-57.399,-138.571,-19.931,87.689,-1.805,106.134,26.156,71.169,-26.900,114.780,23.898,-2.531,-233.347,23.016,-81.447,-105.888,-211.183,-6.550,-162.219,-140.148,-303.082,-190.078,-7.579,-107.915,8.870,-139.224,-6.054,-4.695,4.995,-55.855,1.261,32.133,175.429,-48.349,29.407,9.126,328.760,-24.296,57.399,12.366,280.588,3.983,46.958,-302.480,158.333,-21.396,-47.144,-137.382,-90.708,-105.802,-10.907,-39.707,168.885,-31.599,3.282,-26.806,143.743,-40.393,15.425,-5.585,29.105,-54.983,-0.849,7.654,-74.025,-32.110,-28.565,16.631,0.302,1.004,-20.409,-13.866,89.539,-32.793,8.919,131.793,38.432,13.621,12.751,-1.901,178.702,22.598,9.701,-92.813,236.768,-32.339,24.977,-70.417,158.390,-86.055,27.096,6.228,107.752,-31.908,-36.564,-30.090,30.559,-26.304,-51.194,77.285,-83.967,-92.974,-37.826,186.571,139.788,2.907,95.448,98.114,338.135,18.751,164.177,-111.306,505.606,2.936,-10.061,-95.568,239.639,24.012,-84.738,0.087,32.523,5.059,-27.981,-9.188,75.043,-133.989,-18.599,54.430,147.556,-61.950,-14.768,
-5.511,-15.296,-1.694,8.032,-3.336,-46.199,-0.416,-2.844,-26.070,-35.956,-6.999,-10.216,-72.781,65.706,-22.794,-15.235,-54.228,188.436,11.745,-3.926,25.961,263.518,71.596,9.594,118.501,228.457,47.665,13.138,3.964,62.863,7.129,2.917,-13.582,43.021,-6.756,1.350,-57.335,11.391,-40.980,-2.040,-35.124,13.698,-7.513,-2.140,8.436,47.557,72.987,-2.010,11.874,38.537,56.527,-3.998,5.435,19.422,17.209,-2.831,-9.615,-20.335,-16.982,-0.052,-34.203,-8.292,-36.784,-1.280,-31.585,-14.755,-21.324,-3.999,21.451,-1.946,35.361,4.558,11.209,-10.325,26.438,2.806,-1.503,-52.702,5.494,-16.982,-23.494,-48.921,-0.931,-33.707,-29.956,-61.202,-35.896,-1.510,-20.313,-0.134,-18.161,-1.757,5.387,2.746,3.022,1.428,9.155,42.069,0.489,6.171,1.207,70.167,-1.007,10.473,0.114,59.132,3.075,11.857,-67.776,28.643,-1.971,-4.942,-27.343,-15.220,-5.354,-1.101,-9.445,27.623,7.125,0.736,-5.781,16.428,-3.321,2.560,-1.317,-6.791,-9.794,-1.754,0.755,-26.990,-7.113,-8.162,-0.658,-9.834,1.028,-4.532,-4.273,17.717,-4.123,8.525,25.502,17.178,13.932,1.167,-8.080,30.284,5.758,0.633,-12.108,46.263,-2.969,7.154,-13.285,47.341,-17.448,7.305,0.143,29.853,-7.626,-4.092,-10.030,7.731,-2.648,-6.542,12.896,-13.486,-13.381,-5.249,32.221,24.973,1.022,16.365,15.355,51.341,3.948,28.607,-12.784,81.556,4.017,3.403,-18.961,42.011,7.028,-5.152,0.129,17.373,1.087,-1.496,-1.930,12.763,-19.649,-0.458,3.093,19.726,-9.603,-2.779,
