2307.863,1396.935,16.723,423.248,424.854,137.385,-7.058,10.181,-116.311,11.790,40.301,-140.336,-1.747,81.271,147.441,-27.256,0.244,111.589,22.803,-42.366,-140.130,-173.175,-219.637,-87.939,-482.269,-329.141,-158.272,-74.190,687.047,-2.074,-10.651,68.817,218.903,217.770,34.287,-77.948,-93.903,272.978,118.764,-174.206,36.555,153.943,57.253,-36.041,35.589,-64.373,-134.125,5.768,15.502,-138.392,-128.367,0.111,-38.794,-138.002,-58.207,-4.396,190.699,187.894,26.725,19.202,145.386,232.610,-9.227,2.595,-43.633,80.614,-107.785,-46.712,37.143,72.298,-171.428,-8.767,59.720,-84.750,-147.919,10.656,-27.477,-288.314,-80.496,20.227,-127.230,-455.446,-46.060,-39.107,139.060,-27.878,-90.349,28.218,44.611,-122.533,-197.861,5.235,55.998,-125.926,-187.487,-13.687,66.610,-33.906,-151.727,8.688,13.940,-150.376,-101.229,22.205,92.125,-301.639,-95.776,22.435,-149.941,-574.657,-207.197,-38.646,42.450,-601.000,-310.929,-1.979,81.078,-89.697,-149.806,1.379,109.114,-12.403,-19.116,9.392,72.328,44.349,-12.642,14.866,23.673,-63.569,-125.541,9.303,49.191,-211.816,-124.023,-2.618,17.788,-178.153,-112.037,-2.448,-1.703,-317.634,-93.686,-25.564,65.726,93.914,-15.003,-9.117,126.414,116.295,37.898,-6.961,25.894,36.440,-6.044,-28.889,-45.393,-5.455,-80.849,-46.688,21.108,10.402,-21.092,-13.047,48.435,158.175,52.622,0.514,29.486,10.216,-1.671,6.670,58.770,138.646,12.848,11.382,181.383,231.691,13.792,10.630,158.965,362.996,1.933,-49.178,19.071,473.691,31.849,-324.272,7.154,277.628,100.850,-281.960,209.125,210.805,195.733,-153.793,
1396.935,3909.668,66.428,1127.569,-459.551,735.968,18.672,129.927,-342.031,244.652,39.399,-214.153,52.749,87.856,148.914,-51.613,244.979,119.272,127.862,-44.931,-61.919,-112.755,-152.342,-87.056,-403.133,-364.646,-151.596,-45.972,221.327,802.009,14.287,384.792,-188.859,720.468,1.139,193.200,-215.697,465.161,49.337,-135.431,96.467,97.285,52.779,-67.661,70.980,-190.194,-193.047,-4.020,-65.364,-222.833,-118.167,-7.831,-65.575,-234.656,-36.366,-7.074,29.273,-30.590,10.980,-51.651,26.040,93.229,-8.109,-34.801,-26.864,21.787,-50.236,-48.837,33.211,-85.966,-110.290,-25.747,-28.123,-238.016,-158.178,-8.547,-23.246,-270.867,-83.201,3.936,-183.397,-611.792,-106.432,-89.793,168.935,-323.203,-162.181,9.143,113.065,-185.039,-202.613,-8.930,46.967,-123.540,-179.485,11.848,28.066,-21.105,-83.782,29.494,-123.306,-260.721,-80.129,15.685,-80.986,-180.684,-62.709,2.965,-168.619,-405.241,-244.580,-45.495,147.514,-1144.716,-467.654,-10.026,117.665,4.926,-213.234,27.758,114.418,223.444,29.041,17.142,24.464,276.408,128.694,28.410,-174.344,8.718,-92.909,39.639,-82.344,-240.789,-160.476,0.828,-25.196,-120.740,-108.696,-1.205,-14.775,-684.268,-189.875,-9.233,125.229,129.006,-19.789,18.740,316.313,206.371,130.056,27.452,-76.900,138.588,115.080,-49.627,-354.332,-11.600,-87.531,-101.422,-19.038,-14.867,-15.983,-24.679,3.845,108.545,55.939,-2.559,15.990,-50.819,-8.696,3.557,103.059,152.062,15.079,31.497,338.041,387.795,38.741,175.383,74.420,834.084,13.640,110.908,-183.861,872.566,14.098,-437.947,-103.065,626.209,79.786,-450.049,119.845,973.067,215.994,-164.632,
16.723,66.428,21.056,19.165,-4.672,7.171,5.169,-7.424,-7.116,4.363,-0.406,-7.800,-7.496,2.117,-7.640,-1.728,-20.716,-2.107,-8.290,0.641,-1.606,7.862,10.416,-0.255,4.019,-10.050,2.150,-1.156,7.889,35.784,9.201,5.037,1.799,25.746,3.507,8.326,-8.241,14.361,-3.675,-4.437,-5.799,9.098,-6.837,-1.306,-5.124,9.501,9.399,-0.266,-3.275,5.669,7.428,-0.330,-1.334,-2.759,0.812,-0.485,-1.891,1.528,-1.480,-3.101,-5.713,7.370,-4.156,-2.367,-5.490,-2.701,1.994,-1.262,0.023,-0.785,13.055,-0.754,-1.316,-9.910,0.104,0.219,-3.873,-13.816,-4.780,0.182,-4.657,-20.423,-4.641,-3.748,-1.992,-23.097,-13.772,0.455,-6.695,-7.948,-7.640,-0.947,3.239,4.978,10.329,0.792,-1.895,5.635,2.546,-1.052,-9.001,6.775,-5.194,-1.435,-0.971,11.988,-6.300,0.659,4.055,6.559,-5.887,-2.719,-2.469,-41.981,-13.721,-1.399,3.640,-0.883,1.299,0.216,-2.127,16.556,10.481,1.651,-14.780,22.434,2.588,-0.165,-9.027,24.914,-2.767,0.940,-0.176,14.130,-0.684,0.608,5.875,12.376,0.902,-0.290,4.675,-6.139,2.248,-0.247,6.740,10.987,6.032,3.473,-10.026,16.158,4.654,5.135,-10.300,4.646,0.390,-3.441,-2.475,3.053,3.109,-6.223,-0.860,2.446,2.478,-2.001,-0.716,-0.924,0.214,0.075,0.537,1.224,0.019,0.220,-1.477,2.280,-0.232,1.993,-3.652,4.477,-0.093,4.968,17.098,9.866,2.835,2.443,20.537,21.973,1.914,-10.696,4.012,24.533,-0.875,-18.868,-12.306,10.660,10.344,-10.028,
423.248,1127.569,19.165,644.878,-143.030,89.906,-4.200,185.136,-136.623,-37.803,0.107,-62.705,-7.365,-75.868,29.842,-16.053,145.071,-36.890,88.493,-1.888,101.106,-65.762,-32.936,-12.506,-193.933,-242.141,-77.942,-16.342,-22.642,32.217,-1.044,156.369,-31.907,140.057,-14.626,221.281,-56.692,51.133,-17.736,7.436,33.476,-84.799,71.335,-26.479,38.324,-125.846,19.498,-2.349,-25.220,-112.127,-41.662,-2.818,-23.024,-76.887,-16.786,-1.424,-32.499,-93.701,-4.478,-32.780,-14.403,-59.493,-5.890,0.662,-33.609,-46.352,59.049,9.400,-3.472,-101.800,72.826,-6.757,-17.689,-82.387,-18.519,-0.605,-18.206,-41.792,-13.679,1.234,-26.834,-115.676,-12.175,-22.684,7.210,-97.434,-34.166,4.297,-12.431,-71.066,14.518,-5.818,-16.421,-47.840,28.315,8.858,-24.520,-0.398,24.272,10.195,-36.254,-46.806,7.612,5.232,-33.103,-13.647,23.419,11.640,-71.765,-70.430,-21.379,-10.253,-8.548,-300.930,-127.319,3.392,11.282,14.998,-8.330,4.566,13.655,19.002,8.206,1.614,-9.086,-3.765,70.079,7.553,-87.574,-24.808,67.856,4.843,-52.492,-42.240,1.939,4.316,-39.057,-11.712,-17.239,3.528,-39.553,-252.219,-74.140,-3.572,21.414,3.035,-21.977,3.282,80.730,9.470,28.649,3.182,-15.017,-14.181,60.383,-0.701,-94.787,-48.244,-5.180,-15.098,-16.263,-23.905,-5.758,-5.977,-7.477,26.358,11.597,-1.708,-1.270,-29.513,-4.334,-0.992,26.658,21.213,2.191,3.803,82.460,70.389,8.357,47.162,11.281,135.827,1.639,58.004,-9.833,115.645,5.769,-87.136,-3.902,-9.240,27.018,-108.842,-18.675,1.486,50.217,-65.163,
424.854,-459.551,-4.672,-143.030,1172.212,249.071,19.122,255.745,423.670,73.076,9.684,150.214,-50.404,-27.017,41.992,4.568,-173.562,-29.944,14.854,-39.386,-277.975,-37.945,-68.969,-58.883,-224.439,31.419,-40.087,-46.078,-110.366,-614.848,-11.732,-313.536,344.659,-277.224,19.144,-161.161,301.414,108.222,35.329,62.909,-50.417,115.670,48.610,16.478,-116.241,1.467,15.186,-3.296,-53.092,12.238,-42.594,-3.269,-18.086,16.256,-10.090,-1.242,-10.173,-16.010,33.331,-80.349,11.455,21.710,56.071,-84.616,20.537,124.541,-9.686,4.526,-88.366,126.077,-110.027,10.319,-66.832,-43.240,-61.449,0.931,-29.226,-47.527,-45.976,5.441,-30.636,-48.969,-32.985,23.715,71.504,371.808,72.493,4.646,-10.376,211.251,4.491,6.641,-78.756,153.190,-64.415,-24.509,-72.555,106.189,-105.490,-14.472,-30.183,135.693,-43.709,16.548,39.430,40.806,-37.441,21.796,73.341,-15.720,-30.542,19.367,-36.403,286.693,-3.385,15.443,-17.315,-10.326,-60.866,0.892,-23.996,27.073,-60.946,-2.620,-85.259,5.870,-79.555,-13.277,-18.228,63.954,-22.219,-1.389,81.655,89.028,63.570,7.072,77.835,42.029,60.451,3.910,-38.142,19.502,-7.069,5.372,-28.484,-48.012,-27.494,-6.940,-80.902,-8.416,-37.239,-5.346,-176.400,-22.154,-37.075,8.655,81.449,17.778,57.131,20.328,75.821,47.984,39.594,8.135,26.627,20.321,5.906,-0.046,3.038,13.491,0.163,0.443,-9.431,6.154,-0.006,-4.181,-73.219,-10.639,-4.447,-55.944,-145.792,-181.500,-12.968,-81.380,88.878,-273.033,-4.837,35.725,98.149,3.391,-22.153,103.866,12.955,330.766,-53.444,21.394,
137.385,735.968,7.171,89.906,249.071,1248.161,51.719,308.146,109.211,676.416,59.176,144.204,58.830,262.269,93.039,14.061,-24.620,144.049,-55.996,0.924,-259.463,-86.144,-153.161,-4.966,-243.414,-83.945,-80.044,-10.766,-347.477,-345.885,-8.958,-305.392,-92.880,136.901,24.211,-173.011,157.448,365.156,48.681,69.614,24.047,111.529,-69.582,18.098,-79.097,-61.369,-128.828,-3.424,-25.602,-41.226,-47.216,8.260,4.460,-122.872,-23.473,-0.316,-68.356,-102.499,42.447,-133.366,-101.330,-74.323,101.452,-181.596,-44.374,72.138,-6.036,-50.511,-78.101,120.513,-156.762,-0.748,-63.162,-68.833,-82.937,-4.110,19.842,-62.300,-27.556,-1.578,-71.269,-248.792,-59.065,-23.145,116.889,407.793,75.031,6.979,-12.855,174.158,-29.073,2.683,-94.496,152.069,-116.019,-15.557,-7.443,-24.788,-84.273,-4.061,-62.669,-83.607,-47.303,5.955,-49.378,34.177,-5.249,-21.144,-37.597,-31.544,-93.821,-18.593,55.169,63.641,-111.879,3.304,-4.515,-4.262,-168.884,11.557,46.889,81.356,-36.937,6.455,23.825,131.402,45.027,3.365,-108.218,54.291,-39.878,14.202,-41.663,-27.561,-70.638,0.326,2.311,5.210,-24.652,-2.616,-1.730,-85.772,-41.069,6.103,45.533,-0.347,-6.462,4.780,196.912,129.334,61.130,16.318,-125.444,132.261,33.756,1.154,-187.667,-3.765,-75.644,-11.381,-17.247,-5.158,-19.445,3.261,9.775,7.520,1.236,-0.697,-2.213,16.452,-1.062,0.508,54.966,31.978,5.094,13.357,163.422,166.285,10.645,96.392,-139.844,396.485,-27.336,51.460,-189.566,313.175,-31.412,-138.036,-2.763,322.243,5.590,-82.237,140.983,915.440,59.111,-53.447,
-7.058,18.672,5.169,-4.200,19.122,51.719,14.906,-6.942,11.294,51.025,11.233,-1.958,2.286,40.411,4.561,-0.003,-9.194,21.458,-8.267,2.903,-20.036,-4.647,-11.378,0.317,-10.011,-10.428,-5.447,-1.281,-2.683,8.681,4.247,-9.094,5.067,13.883,9.400,-16.889,5.958,18.950,7.281,-6.283,-1.350,3.678,-4.600,0.261,-5.278,-6.028,-7.856,0.250,-3.347,-2.044,-1.661,0.297,-0.903,-5.933,-1.728,0.586,2.033,-0.356,0.978,-3.822,1.314,4.978,0.531,-6.222,0.878,7.067,-1.472,-3.194,-1.542,1.478,-0.292,-0.589,-2.647,-9.014,-3.686,0.069,-1.169,-12.489,-2.425,0.489,-3.661,-20.942,-4.094,-0.597,2.175,9.897,-2.478,-0.156,2.358,2.247,-4.750,0.667,2.981,6.575,0.492,0.103,2.753,5.047,0.628,-0.711,-2.778,-2.800,-1.836,0.992,1.333,-3.025,-2.244,0.819,2.775,-4.275,-5.397,-1.136,0.989,-4.089,-7.772,-2.489,3.433,-4.267,-2.542,0.464,0.503,4.422,2.614,1.411,-6.267,9.886,2.097,-0.483,0.269,8.686,1.319,1.236,6.508,-1.350,-1.506,0.936,10.169,2.811,1.589,-0.181,2.425,3.181,2.294,-0.606,0.067,3.381,2.219,0.111,-2.372,6.189,0.322,-0.367,-12.383,0.469,-1.017,-0.936,3.164,-1.136,1.789,-1.822,6.264,1.583,3.778,-0.803,5.244,2.931,2.211,0.153,0.019,5.822,0.456,0.136,-0.917,-0.753,-0.106,-0.697,-6.208,-3.497,-0.883,-2.117,-5.536,-11.714,0.286,-4.636,12.972,-9.267,1.994,-1.689,7.894,7.869,1.825,1.672,-0.622,43.875,4.778,-2.075,
10.181,129.927,-7.424,185.136,255.745,308.146,-6.942,468.103,93.378,77.740,-7.773,204.971,-15.156,-55.038,27.862,13.476,0.601,-28.767,65.119,14.351,-19.663,-58.911,-12.161,17.447,-192.475,-129.047,-44.141,-4.278,-261.221,-435.402,-14.549,-172.892,-13.039,-140.085,-6.156,92.039,124.692,104.439,-20.571,183.942,-29.608,-15.208,1.982,17.454,-48.751,-85.464,36.551,-3.467,-17.469,-60.577,-12.192,-2.832,-6.289,-58.872,-11.313,-3.329,-69.812,-85.909,29.914,-83.892,-88.332,-115.942,72.216,-75.567,-46.151,-8.852,17.480,11.652,-74.784,11.583,-23.976,5.196,-49.160,-26.468,6.081,-0.132,-13.938,9.523,-6.359,-1.251,-23.852,-39.680,-28.046,-4.520,18.885,206.754,71.561,9.438,-72.580,86.386,32.886,-0.145,-103.714,69.333,-24.331,-4.125,-64.020,30.534,-15.687,0.073,-48.331,36.751,24.179,3.829,-41.339,46.840,45.347,0.643,-52.426,40.638,12.345,-0.830,-36.448,55.627,-15.271,22.423,-24.851,10.508,-39.365,0.886,-9.814,-13.832,-23.458,-4.545,-31.737,-24.492,33.022,-0.984,-100.580,-29.062,89.756,-1.370,-61.409,13.857,53.413,-0.457,-50.420,11.596,14.051,0.910,-36.675,-43.985,-19.774,7.814,25.137,-37.860,-12.861,2.551,43.757,-11.608,16.341,11.153,-65.839,-20.814,39.978,26.019,-97.041,-50.143,35.674,26.836,-52.772,-24.029,-3.957,5.236,-13.748,-2.765,-4.529,-1.773,-3.315,-10.477,-0.825,-1.595,27.527,3.325,0.870,9.168,38.251,47.790,4.668,51.548,-98.717,70.423,-12.988,51.834,-99.477,-28.763,-13.807,51.974,-11.032,-47.725,2.851,14.545,-19.612,44.016,17.700,-24.310,
-116.311,-342.031,-7.116,-136.623,423.670,109.211,11.294,93.378,458.985,130.552,22.542,174.271,21.356,60.025,33.242,26.341,-105.814,40.486,38.634,-2.606,-154.290,-45.019,22.042,-11.934,-85.267,-74.381,-13.321,-14.012,-130.650,-296.514,-4.080,-175.304,46.140,-207.421,17.176,-149.631,204.079,23.344,57.791,68.109,-19.720,79.305,26.073,32.781,-62.543,-16.087,-11.930,-1.373,-26.582,-43.277,-28.889,-0.522,-14.479,-40.169,-12.357,-1.513,5.097,7.105,35.302,-40.343,-17.708,0.864,68.469,-61.575,-17.626,31.304,25.128,-11.669,-58.827,23.793,-54.048,2.132,-45.677,-38.285,-45.822,-1.662,-15.928,-12.822,-27.552,3.293,-45.165,-41.214,-28.095,7.941,39.296,210.290,70.627,5.318,-15.287,120.880,-10.307,5.817,-48.615,143.926,-27.447,-8.865,-36.662,94.881,-60.323,-11.660,-38.546,101.158,-19.485,-1.311,-12.698,114.563,-16.114,15.659,54.722,103.820,-12.295,20.523,-29.337,60.745,-1.506,10.338,-8.779,-20.259,-44.426,1.003,-8.680,-3.178,-41.824,-0.942,-53.115,-5.399,-44.825,-5.710,-76.593,12.393,-10.540,-2.975,23.477,42.465,60.626,4.327,71.243,78.238,61.840,4.089,-15.149,-18.843,-4.870,2.111,-8.168,-38.313,-10.098,-3.131,-31.682,-14.786,-14.818,-4.065,-129.744,-38.111,-9.659,3.098,-18.459,-22.116,43.911,8.343,71.572,31.390,37.589,4.119,37.408,26.403,10.978,1.348,1.298,21.076,0.417,-0.085,-3.104,-0.382,0.343,-2.569,-32.611,-15.001,-3.476,-20.837,-88.541,-118.123,1.427,-27.633,35.124,-205.021,8.656,-8.637,77.044,-135.790,0.277,40.521,-8.378,135.761,-0.506,44.146,
11.790,244.652,4.363,-37.803,73.076,676.416,51.025,77.740,130.552,685.700,86.836,141.184,75.330,427.308,101.926,36.341,-110.714,190.460,-51.230,13.787,-270.400,-102.111,-105.496,0.485,-118.847,-85.928,-33.097,-10.359,-164.466,-85.819,0.635,-156.679,-149.671,57.338,35.859,-211.743,65.974,228.522,68.011,21.468,29.827,88.847,-90.878,36.807,-69.466,-50.901,-116.307,2.066,-20.454,-5.393,-25.693,9.787,14.218,-45.046,-4.870,2.577,-19.632,-25.693,33.872,-57.985,-48.392,-42.423,84.143,-105.736,-44.961,-7.020,-30.020,-41.201,-11.353,46.748,-107.033,-1.173,-17.451,-49.212,-50.555,-0.408,21.765,-68.666,-12.030,3.870,-34.750,-168.608,-23.697,-8.127,50.835,191.536,60.988,8.494,-0.170,49.986,-32.421,3.244,-27.721,58.428,-68.992,-9.237,42.993,-40.582,-45.354,-2.581,-29.127,-92.613,-36.443,-3.674,-20.971,-17.327,-21.250,-6.301,-10.390,-48.484,-55.075,0.601,27.660,-174.322,-80.811,5.239,20.153,-55.750,-103.710,7.902,53.743,-0.132,-16.812,5.968,-6.112,33.384,18.655,3.590,-75.393,-30.316,-58.581,8.663,16.688,-63.223,-45.923,0.556,58.976,-2.516,-5.421,-1.227,18.768,-88.836,-28.745,5.992,33.713,28.763,6.789,4.325,98.403,88.706,26.067,7.554,-112.472,32.911,-9.059,-5.453,-100.231,-25.717,-26.804,-14.249,49.936,9.955,4.894,1.252,54.454,29.641,11.293,0.795,-1.131,25.383,-0.758,-0.122,20.757,10.163,1.469,4.874,52.137,46.492,-1.658,36.855,-55.061,110.736,-14.235,1.576,-22.753,54.650,-1.118,-101.740,67.795,-25.289,16.848,-79.179,137.599,299.835,38.200,-38.583,
40.301,39.399,-0.406,0.107,9.684,59.176,11.233,-7.773,22.542,86.836,29.226,0.527,26.172,86.946,46.150,2.948,-3.176,43.371,1.153,4.038,-54.162,-44.540,-29.312,-5.995,-39.439,-49.594,-15.691,-6.599,8.058,10.806,0.611,-9.455,-9.697,21.622,14.148,-32.559,8.782,40.711,37.687,-13.389,3.369,10.323,2.134,0.945,-15.350,-19.793,-37.228,0.885,-6.741,-7.944,-17.050,2.345,2.002,-6.535,-3.474,1.936,14.544,14.417,10.525,-3.626,13.040,12.927,20.894,-12.391,-4.477,6.916,-7.018,-6.892,-5.109,13.768,-23.168,-1.434,0.852,-2.782,-14.167,1.199,4.813,-18.281,-2.041,2.069,0.114,-50.681,-1.696,-1.222,15.422,50.845,10.429,3.629,4.909,14.874,-17.586,4.093,-0.264,16.336,-19.303,-1.263,14.973,-4.871,-2.777,-1.118,9.848,-34.437,0.356,1.045,7.345,-40.268,-2.323,0.772,-12.884,-59.703,-18.931,-3.567,-6.177,-52.830,-28.807,-0.435,9.533,-26.910,-21.002,1.478,18.810,-22.320,-5.551,1.123,6.223,-18.241,-0.465,-0.076,4.538,-23.121,-6.345,-0.229,7.173,-34.860,-11.948,-0.580,8.486,-17.695,-9.984,-0.541,-0.468,-41.157,-6.613,-1.778,9.976,-5.154,-0.354,0.085,17.700,4.845,-0.777,2.331,-15.328,-5.934,-7.408,3.871,-12.025,-9.159,-6.851,1.676,9.023,1.971,1.275,0.523,15.116,20.585,12.014,0.613,0.863,6.027,0.304,0.257,2.300,1.841,0.120,-0.314,2.990,2.442,-1.644,2.677,-16.464,3.637,-1.641,-4.377,-6.157,-5.168,7.257,-13.966,10.365,-26.193,12.071,-2.646,16.758,31.939,16.106,3.983,
-140.336,-214.153,-7.800,-62.705,150.214,144.204,-1.958,204.971,174.271,141.184,0.527,249.521,5.862,31.156,17.388,40.496,-65.327,4.192,63.639,2.168,-80.135,-52.407,33.327,10.757,-99.186,-90.229,-9.776,0.349,-161.941,-263.205,-6.824,-146.541,-75.824,-170.484,6.761,-58.911,94.512,46.178,12.421,139.880,-17.769,52.968,-14.362,46.062,-50.339,-31.136,13.482,-1.630,-18.844,-47.060,-8.287,-1.661,-9.992,-52.839,-9.902,-2.417,-24.387,-25.815,25.924,-39.809,-53.025,-44.572,76.929,-57.068,-38.778,-6.097,13.309,-9.542,-47.858,-2.431,-46.828,2.983,-38.878,-38.777,-18.940,-1.610,-12.351,-15.196,-16.663,-2.171,-37.198,-10.275,-28.368,5.771,26.487,134.465,77.548,4.343,-23.826,60.576,3.194,1.040,-60.204,81.573,-41.637,-7.944,-36.388,45.130,-41.672,-6.130,-43.736,36.596,-16.707,-3.277,-41.527,72.100,2.429,-0.849,-4.792,138.583,24.642,13.193,0.887,9.453,11.496,19.063,-12.102,5.310,-44.795,0.494,-11.464,11.631,-24.502,-4.632,-36.785,10.922,4.090,-0.051,-87.245,-21.599,16.784,-0.633,-29.276,25.087,52.408,-0.506,0.375,51.640,35.431,1.400,-9.527,-2.538,-1.804,10.914,4.198,-15.758,-0.115,0.701,9.286,2.261,9.366,5.279,-53.944,-13.675,13.688,7.568,-56.231,-21.427,33.675,8.392,-5.550,-4.644,10.707,3.675,6.027,-6.469,-4.977,-0.143,-1.780,7.956,0.160,-0.337,6.840,-5.970,0.187,3.085,6.467,2.213,-0.025,19.145,-42.917,-11.825,-3.791,29.617,-40.102,-87.944,-3.181,30.443,25.324,-132.383,-7.176,-2.616,2.796,-90.768,-3.356,-9.286,
-1.747,52.749,-7.496,-7.365,-50.404,58.830,2.286,-15.156,21.356,75.330,26.172,5.862,290.443,156.045,126.663,12.749,384.490,176.425,12.239,29.570,-104.250,-261.982,-184.265,-0.029,-325.247,-384.223,-112.229,-19.580,-4.909,-11.214,-4.574,-15.727,-14.843,-17.294,3.148,-5.998,19.611,30.244,68.913,7.966,119.566,-11.287,28.656,3.447,27.844,-136.056,-172.976,1.060,-29.633,-111.151,-111.435,4.617,6.675,-12.930,-17.795,9.753,23.928,3.304,20.092,-10.855,81.274,-15.537,43.063,-0.006,55.333,-3.169,-14.095,9.582,2.073,-13.149,-115.966,2.340,-5.090,27.538,-53.434,7.531,5.922,21.485,3.832,7.228,36.175,-70.189,16.004,2.877,40.143,55.152,33.577,4.982,59.321,13.096,-6.232,11.030,-3.109,-15.865,-80.744,-0.211,6.413,-37.030,-22.369,-5.018,39.190,-64.012,14.870,6.384,45.170,-122.671,8.206,9.284,-32.531,-195.291,-25.343,-9.911,37.106,-46.942,3.962,0.057,4.169,-48.500,-42.583,2.387,8.281,-71.004,-29.421,-2.674,43.773,-97.604,-29.646,-1.536,78.310,-69.857,-12.740,-1.128,40.295,-86.167,4.348,-3.659,-20.873,-110.312,-42.617,-1.577,27.217,-3.673,8.870,0.903,-6.184,-23.131,-2.301,-2.849,-5.909,-23.957,-19.962,-5.168,58.556,-31.127,-48.789,-2.090,92.573,-41.902,-29.139,6.773,22.502,-26.305,-3.085,5.247,-5.703,3.369,9.827,2.076,-2.181,-0.077,1.731,3.115,-2.535,-7.399,0.344,-4.088,-1.216,-26.501,-4.920,-22.421,12.886,-48.706,-14.952,-52.355,21.776,-60.777,-0.589,-1.760,-10.432,15.893,8.520,37.014,11.715,305.070,18.456,25.389,
81.271,87.856,2.117,-75.868,-27.017,262.269,40.411,-55.038,60.025,427.308,86.946,31.156,156.045,598.759,128.850,24.841,-14.658,430.474,-18.947,69.834,-225.427,-113.321,-131.266,31.178,-251.850,-285.856,-95.526,-16.723,-1.930,71.178,3.533,-49.934,-30.264,52.700,40.857,-131.719,53.785,138.467,89.335,-33.133,54.465,83.799,-62.867,14.777,-24.284,-72.907,-154.000,7.788,-3.648,-52.128,-63.322,16.210,13.087,-27.954,-12.754,8.980,23.429,46.556,30.536,-15.802,80.532,12.140,60.778,-22.020,60.605,-0.094,-60.554,-5.486,27.781,70.032,-103.798,-2.750,14.153,16.993,-38.533,2.751,26.637,-60.297,1.341,8.714,-7.342,-171.992,0.479,-6.816,48.922,87.627,28.943,10.971,41.568,17.304,-66.108,13.390,27.831,9.508,-79.008,6.407,75.605,-33.129,-21.607,2.512,30.219,-122.869,-9.706,3.844,18.622,-151.310,-8.560,-1.534,-74.983,-215.931,-62.513,-12.399,26.122,-150.081,-73.554,1.585,22.900,-50.101,-80.193,6.128,53.718,-52.658,-26.032,2.933,49.600,-38.231,-16.974,3.643,66.067,-95.713,-34.399,8.679,25.299,-132.695,-50.858,-4.564,1.825,-92.728,-47.493,-3.492,13.918,-106.209,-38.314,-2.133,15.918,13.010,-8.418,0.770,35.661,40.316,-10.118,-0.003,5.050,-12.499,-45.764,-1.865,55.875,-49.452,-33.715,-4.248,31.955,-27.549,-13.081,0.082,26.084,11.948,10.108,0.921,1.710,3.217,-0.343,1.809,2.794,14.070,0.857,-1.281,-7.940,5.847,-7.545,-23.105,25.669,-13.909,-10.498,-39.584,71.245,-15.982,7.549,-16.345,37.602,-28.330,16.418,-31.432,70.286,255.244,48.194,-47.933,
147.441,148.914,-7.640,29.842,41.992,93.039,4.561,27.862,33.242,101.926,46.150,17.388,126.663,128.850,229.122,5.979,153.906,88.982,195.545,-12.701,-147.556,-242.691,-85.083,-45.865,-342.494,-380.712,-111.254,-35.989,10.703,-35.817,-5.152,-14.555,-20.145,-3.536,25.943,-40.565,37.336,99.017,153.602,-14.295,50.846,22.625,162.670,-2.032,-81.071,-153.987,-127.595,-0.302,-78.175,-150.090,-131.949,0.969,-27.147,-59.724,-35.275,1.985,47.848,20.857,35.248,-15.152,63.161,24.736,123.346,-32.600,31.601,31.537,91.748,-17.036,-61.597,-12.051,-105.672,-6.451,-43.668,-20.106,-92.594,1.377,6.661,-17.619,-24.828,4.902,2.526,-103.496,1.212,-0.665,78.574,146.862,83.475,13.660,62.418,78.741,19.056,21.498,-18.338,114.345,-61.237,-3.786,-9.499,9.095,-21.507,-15.028,33.493,-83.490,18.070,4.947,24.267,-122.661,17.768,4.270,-68.408,-168.004,-31.477,-8.172,11.106,-61.216,-39.249,11.718,18.153,-26.301,-78.344,9.762,28.530,-19.708,-35.200,-0.728,17.461,-90.201,19.247,-3.419,18.810,-119.257,42.728,-4.157,-13.267,-117.687,3.464,-4.208,-46.372,-91.953,-34.743,-1.937,-12.664,-159.876,-38.496,-3.967,20.302,-46.728,-23.275,-0.194,35.613,-24.769,-7.805,6.155,13.822,-50.554,14.959,9.825,-16.800,-58.981,-2.778,8.293,-12.957,-19.967,-1.609,2.293,-2.452,39.672,29.831,0.437,2.022,-5.063,-0.270,1.454,6.233,12.444,0.519,1.714,30.241,13.575,-1.226,13.211,-18.149,10.125,-6.637,33.825,-21.639,-6.022,16.028,1.089,5.451,-101.577,33.016,-7.309,-11.648,-104.573,38.850,-18.035,
-27.256,-51.613,-1.728,-16.053,4.568,14.061,-0.003,13.476,26.341,36.341,2.948,40.496,12.749,24.841,5.979,15.450,-18.709,8.436,0.140,7.065,-26.943,-11.434,0.418,7.651,-4.353,-13.569,-0.417,4.805,-21.208,-36.363,-0.914,-20.221,-13.939,-31.472,1.078,-15.700,7.587,-3.206,3.269,19.143,-2.525,5.286,-12.805,12.678,-10.126,-5.697,-5.382,0.111,-0.235,-2.865,3.507,0.314,1.955,-4.189,1.882,0.020,-0.598,-4.482,3.932,-5.160,-3.140,-9.788,11.197,-7.479,-8.709,-9.349,-4.577,-2.301,-5.503,-2.818,-8.479,-0.291,-2.629,-0.921,1.526,-0.068,-2.542,1.687,-1.465,-0.196,-6.462,-4.384,-5.216,1.000,4.989,19.457,13.872,0.219,-4.100,6.787,-4.858,1.526,-8.120,12.983,-11.183,-0.535,-2.339,2.069,-8.882,-1.447,-6.853,-3.847,-5.342,-1.531,-10.985,9.982,-4.431,-0.906,-0.900,25.331,5.767,3.781,1.707,0.493,0.253,2.098,-0.964,1.664,-11.351,0.519,1.998,0.070,-7.445,-0.146,-3.793,-0.743,-1.055,0.687,-19.011,-7.403,-3.186,0.000,-11.304,4.420,9.427,-0.678,-1.487,15.216,8.996,0.307,-1.041,-4.689,-3.851,1.575,1.732,-0.713,-1.355,0.035,5.599,4.204,1.244,0.669,-2.683,-2.476,0.524,-0.098,-9.430,-1.789,7.777,-0.014,-6.088,2.895,4.130,-0.026,0.255,3.271,2.745,-0.086,-0.579,0.537,-0.186,0.025,1.193,-1.019,-0.062,0.104,6.025,0.647,-0.112,3.689,4.575,-0.331,0.776,9.247,-2.552,-12.099,3.623,2.301,1.926,-39.641,1.915,-9.671,-4.409,-43.351,0.700,-11.179,
0.244,244.979,-20.716,145.071,-173.562,-24.620,-9.194,0.601,-105.814,-110.714,-3.176,-65.327,384.490,-14.658,153.906,-18.709,1625.048,100.274,140.197,18.673,534.584,-742.710,-440.616,-14.794,-1016.994,-1281.906,-395.548,-74.895,-11.675,-54.272,-17.050,35.344,52.408,-5.589,-25.020,148.676,66.635,11.850,50.318,53.428,327.787,-108.385,210.361,-18.879,271.305,-400.046,-165.477,-1.307,-24.198,-428.978,-331.839,-1.684,-54.107,-123.526,-115.937,9.642,-7.277,-61.272,-5.953,-19.880,79.654,-49.988,4.950,17.635,139.616,18.278,115.740,31.026,96.887,-110.184,-46.810,16.995,-8.497,-2.668,-75.916,15.634,42.209,77.242,28.336,8.409,143.180,-117.008,48.940,-20.350,8.206,-79.540,19.488,-3.090,73.496,-44.490,112.520,-0.926,7.842,-129.459,18.808,-10.965,-15.784,-163.251,18.871,-4.777,111.274,-265.919,116.689,30.755,138.366,-425.715,146.656,16.366,-144.671,-742.497,-39.363,-51.194,18.494,-192.881,76.179,-0.354,42.589,-119.462,23.890,2.961,32.757,-155.019,16.573,-7.595,128.672,-251.048,44.838,1.354,182.056,-283.391,121.007,-5.149,23.694,-325.629,-1.391,-3.737,-166.559,-420.366,-161.543,-1.409,29.674,-87.076,66.508,8.433,-1.426,-74.390,18.549,-4.485,64.739,-69.267,-13.190,-6.414,208.617,-75.138,-22.942,12.585,111.759,-193.208,-67.610,18.685,-51.884,-159.138,-45.875,12.604,-49.499,-31.707,-1.747,1.482,0.371,4.317,11.879,4.193,9.777,-19.775,0.885,-4.747,33.777,-26.159,-9.450,-7.321,13.564,34.941,-29.765,-46.740,-62.388,66.634,-16.824,44.766,-104.198,227.948,28.540,93.946,3.364,680.699,113.544,56.073,
111.589,119.272,-2.107,-36.890,-29.944,144.049,21.458,-28.767,40.486,190.460,43.371,4.192,176.425,430.474,88.982,8.436,100.274,726.597,9.551,97.762,-119.925,244.063,-143.640,96.003,-423.375,-432.141,-171.914,-9.007,8.885,17.483,-0.915,-46.830,-11.091,69.324,28.737,-105.987,56.009,123.856,69.406,-61.643,92.660,115.171,-27.565,-0.503,2.829,-55.818,-177.601,5.335,-7.230,-117.634,-105.369,15.081,-2.256,-73.669,-36.205,12.384,19.395,46.914,26.344,-28.495,108.458,56.225,38.987,-26.440,116.468,52.151,-67.626,-14.805,16.323,101.329,-159.645,-3.357,-20.824,70.578,-75.634,2.106,-4.646,32.996,9.731,11.131,14.644,-21.370,22.228,4.640,71.845,227.566,18.446,10.392,72.759,134.695,-68.600,21.755,39.408,120.656,-114.446,15.431,49.812,21.770,-52.884,2.692,10.495,-45.727,-25.320,5.547,-10.310,-35.378,-3.053,-2.395,-41.500,-104.343,-54.657,-23.290,45.520,72.226,-121.464,7.508,0.584,-8.163,-125.139,4.850,47.421,-52.326,-68.319,0.518,116.370,-49.568,-43.430,3.691,83.132,-35.700,-59.588,8.944,3.545,-70.734,-77.144,-6.431,-22.080,-111.546,-74.313,-4.998,-9.135,-159.586,-87.739,-2.064,15.512,-30.197,-43.352,-4.187,50.321,0.981,-25.962,-1.344,88.700,25.016,-75.197,22.393,82.691,-12.602,-93.120,12.440,7.781,-43.555,-50.163,-1.226,2.509,-14.614,-4.523,1.333,1.103,-14.685,-1.371,3.128,18.918,21.024,1.612,-0.390,-5.564,28.005,-8.957,-21.860,-12.938,22.089,-20.817,-56.097,66.942,71.723,-11.841,-30.441,22.914,115.363,14.750,-5.475,27.371,342.065,75.833,-2.710,
22.803,127.862,-8.290,88.493,14.854,-55.996,-8.267,65.119,38.634,-51.230,1.153,63.639,12.239,-18.947,195.545,0.140,140.197,9.551,604.729,-65.317,66.350,-159.424,232.745,-82.736,-547.050,-670.265,-184.449,-64.213,-25.932,-21.601,-4.032,26.949,-18.246,-43.478,14.767,23.789,58.454,37.989,170.401,43.506,64.489,70.054,379.800,3.168,-82.692,-210.878,7.312,-3.646,-152.113,-343.797,-190.080,-5.675,-98.537,-200.167,-97.670,-5.053,-1.246,-22.647,24.034,-28.780,36.419,28.429,177.904,-19.175,67.897,67.087,294.183,-2.998,-103.616,-87.516,-40.163,-6.874,-116.741,-115.876,-154.237,-6.011,14.340,-50.482,-53.978,0.421,-43.583,-88.608,-8.884,7.532,63.743,129.594,154.509,9.134,67.896,82.497,136.341,16.094,-31.441,187.955,-1.609,1.415,-87.249,92.983,-19.116,-23.299,2.611,-71.789,39.684,3.864,-2.101,-99.024,78.381,3.412,-136.925,-82.564,14.015,4.158,39.366,28.429,35.844,16.711,-17.655,25.707,-57.652,7.296,-29.139,74.146,-6.764,-8.190,-1.779,-59.637,108.947,-2.680,-43.234,-147.801,154.131,-1.877,-100.063,-135.821,37.002,-3.051,-113.884,-96.066,-18.357,-1.659,-23.324,-187.477,-57.977,-4.683,9.719,-47.776,-21.509,5.136,25.919,-30.040,30.743,7.887,41.817,-63.034,89.779,15.520,-93.216,-104.277,16.702,17.789,-75.116,-75.599,-20.251,1.689,-41.868,-37.359,-13.065,-1.196,8.796,-6.019,0.107,1.599,8.488,35.278,3.441,14.117,30.570,51.321,2.680,58.035,-40.692,40.066,-2.876,132.397,-70.249,37.813,-0.913,71.138,-39.439,-52.735,-0.139,-6.386,-40.913,-133.174,29.339,-32.037,
-42.366,-44.931,0.641,-1.888,-39.386,0.924,2.903,14.351,-2.606,13.787,4.038,2.168,29.570,69.834,-12.701,7.065,18.673,97.762,-65.317,81.743,-3.526,-6.721,-52.979,85.835,-58.458,-68.540,-25.024,14.301,-11.813,-23.325,2.874,-2.530,13.648,-14.306,1.372,20.911,-3.936,-28.539,-15.704,7.419,-18.425,-49.844,-39.934,-0.010,18.356,-22.925,13.544,2.048,40.292,6.745,25.985,3.914,22.205,8.683,4.804,3.236,-5.381,-10.409,-1.681,-2.837,13.612,-20.372,-15.151,12.177,-2.217,-24.536,-31.907,8.153,-0.611,-12.569,19.997,-0.372,17.063,3.509,43.490,3.232,2.718,13.187,24.878,0.473,12.135,3.089,8.566,-2.821,-11.104,-0.615,-12.013,-1.574,-12.507,6.646,-9.856,3.168,3.599,-13.019,5.300,3.581,12.681,-47.373,12.633,3.037,-2.992,-26.904,15.557,-1.530,-5.888,-10.859,12.290,-3.018,-12.739,-42.631,-5.311,-6.671,-10.724,47.319,-2.976,-1.093,5.887,22.032,2.802,1.241,17.472,-5.657,7.723,2.523,-1.341,-3.642,16.271,0.799,-17.559,-9.440,14.331,-1.180,-15.190,-18.019,-2.314,-2.442,-13.688,-34.705,-16.036,-0.936,-2.119,26.504,-4.337,0.181,24.609,9.550,-3.029,1.373,35.797,8.778,9.221,5.168,-3.656,-2.388,12.138,0.287,-26.789,-20.930,-3.131,-5.603,-15.814,-12.621,-7.609,-3.022,-4.562,9.356,1.879,-0.440,-1.427,-5.544,-0.790,-0.396,17.062,0.005,-0.391,3.737,22.587,16.338,0.503,30.079,-3.159,60.944,8.823,25.287,-23.619,78.518,3.625,-11.241,-17.404,58.653,14.265,-28.249,-5.276,59.029,38.394,-25.350,
-140.130,-61.919,-1.606,101.106,-277.975,-259.463,-20.036,-19.663,-154.290,-270.400,-54.162,-80.135,-104.250,-225.427,-147.556,-26.943,534.584,-119.925,66.350,-3.526,1112.999,37.915,53.727,30.580,-161.092,-619.490,-217.671,-26.279,36.293,-81.277,-4.685,58.581,64.937,28.255,-32.322,181.128,6.267,-108.750,-99.668,32.896,90.369,-104.699,56.632,-16.327,235.372,-49.736,220.244,0.798,106.906,-181.482,-53.576,-3.988,-43.553,-118.744,-83.507,-2.645,-78.904,-113.143,-52.137,-17.904,-69.336,-62.356,-120.610,35.344,59.256,11.531,33.026,30.214,148.259,-45.431,185.805,13.611,35.522,20.484,61.649,2.607,10.510,79.509,22.131,-0.732,97.769,211.842,55.088,16.465,-133.718,-320.735,-79.757,-15.002,-86.526,-159.329,91.755,-27.160,48.207,-141.888,122.802,7.189,3.295,-87.620,57.172,-0.941,16.758,-67.965,49.954,1.139,2.390,-57.045,90.868,1.474,-2.309,-86.378,103.881,-3.668,-24.213,-42.136,107.319,-17.181,-14.135,-44.973,127.222,-12.439,-23.731,-24.880,59.714,-1.249,-1.235,-14.628,57.890,4.671,3.472,-54.160,125.995,-2.211,-31.676,-53.591,28.308,1.472,-67.030,-65.244,-23.408,0.417,31.967,155.601,63.746,-0.281,-20.157,46.659,50.774,-0.494,0.158,4.072,29.171,-4.144,93.289,16.503,76.749,7.007,-45.775,-57.794,32.153,4.147,-64.267,-89.782,-23.437,-1.402,-4.168,-74.947,-35.505,-0.032,1.553,28.633,7.016,-0.360,-9.799,-20.592,0.315,-2.349,0.578,-37.909,2.475,0.768,41.872,18.652,12.709,35.917,-61.452,117.973,-14.358,57.176,-50.920,158.545,-31.654,16.512,33.152,-237.913,-6.944,11.525,
-173.175,-112.755,7.862,-65.762,-37.945,-86.144,-4.647,-58.911,-45.019,-102.111,-44.540,-52.407,-261.982,-113.321,-242.691,-11.434,-742.710,244.063,-159.424,-6.721,37.915,1415.425,357.503,68.851,728.547,1050.106,186.049,80.886,9.384,123.198,-2.609,-23.973,27.124,126.133,-14.750,-59.494,-37.891,-11.728,-121.293,-81.922,-94.853,146.410,-182.222,-9.246,-0.243,368.503,102.536,3.502,60.253,277.785,179.463,0.022,24.027,78.850,53.310,-3.850,-35.634,-12.904,-42.477,-6.837,-23.295,25.270,-102.252,-7.846,57.184,32.029,-137.373,-10.541,65.807,174.806,-0.708,-1.146,39.125,77.502,23.083,-14.899,-46.581,112.045,-2.613,-8.714,29.467,394.825,-5.439,22.029,-54.838,-15.501,-70.520,-17.514,-7.873,15.089,-83.082,-16.614,99.700,47.962,-46.886,27.137,51.355,145.104,-65.286,10.540,-82.658,230.669,-114.426,-24.361,-130.248,371.620,-73.384,-19.695,252.992,695.783,97.934,17.750,14.816,278.134,-88.631,-4.753,-41.286,94.573,-49.730,-7.165,-35.693,72.401,-72.669,1.097,9.239,173.102,-125.114,3.971,-11.727,280.576,-136.917,13.038,-24.166,329.695,-35.902,1.073,115.976,313.461,106.083,-0.375,-33.124,8.727,-87.377,1.386,-41.746,23.555,-39.681,-5.165,-76.191,-2.737,-43.287,-16.145,23.333,118.398,-68.364,2.484,89.346,207.905,-31.291,9.064,20.771,92.548,-21.517,-4.502,36.885,-55.184,-36.274,-0.213,-5.206,-16.557,-7.527,-3.680,-23.470,-9.515,-1.385,-8.393,-76.772,-37.541,-1.735,-65.930,5.033,-82.507,-12.806,-84.494,132.001,26.776,-30.332,-24.273,50.936,191.992,-56.921,8.974,28.110,-199.764,-111.806,57.838,
-219.637,-152.342,10.416,-32.936,-68.969,-153.161,-11.378,-12.161,22.042,-105.496,-29.312,33.327,-184.265,-131.266,-85.083,0.418,-440.616,-143.640,232.745,-52.979,53.727,357.503,518.944,-40.449,252.711,324.793,142.074,-4.473,20.776,128.988,11.331,45.361,-44.062,-5.864,-0.080,8.069,-22.947,-99.356,-0.576,11.272,-89.704,58.364,88.970,4.646,-43.115,122.280,180.100,-2.364,-40.158,-6.001,77.624,-6.075,-42.036,-54.352,-10.525,-8.649,-19.379,12.346,-8.946,7.625,-52.056,16.908,35.285,13.116,-18.243,-9.824,116.159,6.337,-31.931,-5.279,89.667,-5.085,-41.296,-79.611,-10.588,-12.573,-10.184,-46.474,-31.389,-10.637,-52.880,39.737,-17.310,5.908,-35.481,-30.444,32.242,-5.034,-24.209,-18.348,42.401,-8.696,4.779,49.806,47.085,10.881,-43.449,102.079,6.610,-0.045,-52.913,66.477,-5.252,-7.414,-60.722,98.161,9.885,-8.880,-16.336,253.874,44.623,15.512,1.856,-19.005,24.234,1.840,-23.670,27.943,25.523,-3.360,-48.265,100.759,33.562,-0.739,-39.722,102.443,59.508,5.292,-81.595,72.509,60.300,7.699,-87.567,64.735,29.603,1.375,-33.039,103.636,49.184,-0.887,1.581,-22.093,-14.680,-1.056,1.069,33.405,18.852,8.723,-29.760,27.897,35.556,7.933,15.294,36.863,62.131,6.453,-83.939,38.330,37.416,6.504,-76.046,-0.122,-4.481,-4.002,-25.596,-47.234,-25.663,-0.974,4.794,1.915,-1.414,-1.296,-9.183,15.650,1.725,10.386,-0.998,32.747,3.929,30.844,22.979,44.531,7.240,87.169,-48.322,73.522,-5.572,58.583,-55.766,60.207,-20.090,-27.637,-15.903,-45.262,-17.194,-5.847,
-87.939,-87.056,-0.255,-12.506,-58.883,-4.966,0.317,17.447,-11.934,0.485,-5.995,10.757,-0.029,31.178,-45.865,7.651,-14.794,96.003,-82.736,85.835,30.580,68.851,-40.449,133.635,-36.300,-60.053,-27.827,40.576,-22.760,-31.351,3.225,-3.785,16.518,-18.981,-2.207,31.391,-10.997,-51.789,-40.438,12.935,-35.854,-57.484,-66.159,2.316,7.234,-1.476,39.512,1.277,48.720,27.226,50.385,4.461,28.808,3.631,11.346,3.432,-10.793,-15.882,-5.662,-6.819,0.501,-27.384,-26.097,13.055,-18.016,-30.750,-41.675,8.752,-1.815,-10.243,35.888,0.116,9.153,8.851,61.324,1.574,-2.390,28.112,32.841,-0.616,5.988,36.241,7.867,5.358,-16.659,-1.030,-18.084,-3.167,-22.421,0.526,-10.301,1.063,2.472,-24.498,10.198,5.436,15.294,-50.453,15.034,5.530,-15.535,-29.046,7.986,-3.656,-23.646,21.227,7.864,-7.314,-4.022,9.143,4.323,0.341,-12.296,99.042,-0.750,2.100,-0.919,38.947,8.383,1.284,16.711,-6.799,10.765,3.532,0.504,-0.768,20.410,2.509,-29.233,-7.284,0.670,-1.558,-23.580,0.382,-7.303,-3.285,-18.326,-23.985,-9.312,-0.748,-5.980,57.112,-9.645,4.228,25.580,24.284,-4.418,1.422,58.728,19.017,17.420,7.029,-12.317,7.443,21.350,0.874,-41.713,-20.265,-7.946,-8.785,-18.565,-15.270,-10.990,-3.439,-11.699,-1.022,-4.510,-0.673,-2.349,-9.184,-1.344,-0.723,20.315,0.042,-0.431,4.550,39.344,24.793,2.234,45.403,-6.218,88.004,11.575,44.228,-37.308,85.180,0.074,-17.557,-23.578,48.929,9.563,-28.181,-21.640,7.648,28.644,-18.540,
-482.269,-403.133,4.019,-193.933,-224.439,-243.414,-10.011,-192.475,-85.267,-118.847,-39.439,-99.186,-325.247,-251.850,-342.494,-4.353,-1016.994,-423.375,-547.050,-58.458,-161.092,728.547,252.711,-36.300,1905.428,1990.506,584.592,106.231,28.950,243.297,9.647,81.422,-48.639,60.800,-20.428,-16.950,-167.069,-216.867,-222.425,-90.922,-238.644,-118.478,-450.278,-0.944,-11.506,473.678,150.800,3.072,145.164,701.083,446.256,-5.358,127.325,378.528,206.506,-8.481,-31.061,14.111,-56.144,82.128,-138.753,-69.994,-211.342,29.533,-163.611,-188.267,-302.428,-25.728,98.286,10.628,190.808,-10.256,170.819,180.892,271.197,-10.653,-20.425,130.978,56.342,-17.067,-27.961,393.953,-4.411,-1.842,-141.375,-352.575,-185.839,-20.372,-105.308,-180.642,-144.228,-38.456,54.319,-195.575,79.069,-2.919,97.314,35.597,89.817,32.767,-39.900,286.578,-26.053,-32.447,-64.117,402.781,-127.050,-11.375,296.275,730.553,90.114,30.069,-90.117,88.544,37.739,-17.606,-13.322,54.017,163.631,-13.836,-41.014,13.344,44.658,2.428,-80.061,158.908,-141.608,1.983,-33.864,261.858,-175.231,3.969,87.119,332.772,-9.022,7.986,249.886,385.183,149.989,3.475,-4.875,268.892,65.061,2.783,-47.433,56.175,38.275,-0.028,-163.878,-12.011,-43.161,-19.700,-77.033,32.631,-73.906,-51.547,87.069,211.736,54.078,-36.533,101.314,166.978,49.328,-5.664,101.256,9.886,-6.872,0.925,-4.808,13.378,-4.994,-4.975,-48.200,-36.458,-4.122,-14.792,-119.442,-112.931,3.506,-88.250,162.108,-200.047,26.892,-118.353,176.122,-201.217,14.456,-46.094,57.106,-263.708,-46.619,-25.017,65.778,-717.597,-170.894,4.414,
-329.141,-364.646,-10.050,-242.141,31.419,-83.945,-10.428,-129.047,-74.381,-85.928,-49.594,-90.229,-384.223,-285.856,-380.712,-13.569,-1281.906,-432.141,-670.265,-68.540,-619.490,1050.106,324.793,-60.053,1990.506,3242.938,844.342,144.169,19.585,302.074,-5.701,42.412,-55.995,135.956,-33.363,-71.737,-131.717,-74.917,-268.008,-96.762,-300.548,2.814,-523.144,-7.962,-111.741,642.852,129.365,1.353,125.583,894.225,517.475,-7.219,139.828,490.143,266.012,-11.139,-38.116,25.814,-54.648,89.838,-114.345,4.209,-221.955,41.451,-90.913,-78.809,-394.678,-7.039,46.446,139.822,84.784,-6.204,151.648,135.933,239.014,-19.651,-34.166,41.368,27.409,-29.964,-45.648,341.666,-55.529,-28.510,-100.549,-147.082,-147.575,-25.060,-72.119,-71.306,-205.138,-40.806,70.360,-138.835,-42.750,0.433,87.144,142.041,7.872,42.075,-85.846,432.214,-107.518,-38.719,-96.199,487.845,-192.054,-25.968,325.452,960.923,55.115,22.286,-30.077,302.769,-19.562,-1.107,-32.556,137.010,72.145,-19.463,-58.596,68.362,-40.832,-0.260,-67.649,278.897,-202.356,3.421,0.834,412.842,-246.743,13.981,41.792,488.649,-22.267,5.021,216.965,539.394,187.828,3.913,-39.411,143.842,6.214,19.622,-63.993,34.494,-9.956,-7.762,-164.302,-28.737,-82.892,-31.990,-12.772,97.672,-114.586,-51.582,191.708,311.029,39.969,-23.885,61.339,218.320,43.160,-3.871,35.290,-1.023,-13.571,-0.069,-14.250,-29.659,-8.570,-6.242,-55.365,-59.287,-7.143,-20.569,-113.085,-128.396,-1.602,-123.314,193.595,-193.985,1.307,-184.769,236.975,-172.091,-11.680,-22.693,41.099,-107.174,-56.179,15.396,13.354,-605.269,-189.772,-2.852,
-158.272,-151.596,2.150,-77.942,-40.087,-80.044,-5.447,-44.141,-13.321,-33.097,-15.691,-9.776,-112.229,-95.526,-111.254,-0.417,-395.548,-171.914,-184.449,-25.024,-217.671,186.049,142.074,-27.827,584.592,844.342,328.016,31.116,20.820,159.993,6.553,44.496,-50.789,17.645,-6.617,-16.372,-61.169,-71.339,-77.531,-26.712,-106.569,-23.947,-144.944,0.517,-48.681,195.286,60.279,-1.222,19.037,260.902,168.123,-2.331,31.205,149.283,83.988,-3.475,-2.820,44.468,-12.146,48.901,-48.024,19.373,-57.064,24.348,-62.048,-38.499,-93.599,-0.389,-0.841,16.565,53.299,-4.247,25.004,27.407,78.148,-6.807,-15.209,-1.241,11.202,-8.279,-33.229,51.928,-14.155,-3.561,-46.266,-85.404,-48.656,-6.503,-31.406,-40.552,-58.675,-9.202,11.752,-33.206,18.661,2.748,12.323,49.630,26.401,13.714,-40.242,142.264,-21.503,-9.414,-25.457,146.321,-44.536,-3.434,62.134,235.798,11.840,12.665,-31.677,-15.124,0.126,-0.874,-1.209,33.481,43.176,-5.581,-22.802,35.464,17.577,2.304,-42.504,86.552,-33.688,3.237,-15.711,122.814,-46.847,4.045,12.330,134.331,14.116,2.277,49.874,133.427,43.774,1.613,-6.019,61.428,17.621,5.642,-11.507,31.799,10.051,0.702,-66.006,2.810,-12.567,-5.186,-14.011,15.446,-17.809,-16.215,48.959,87.339,35.288,-8.931,4.501,60.956,18.786,-2.242,-4.345,-3.029,-3.555,-0.364,-3.124,-9.613,-2.331,-1.702,-15.835,-12.863,-1.912,-3.718,-36.614,-26.697,0.549,-25.322,74.559,-47.414,7.493,-30.103,67.498,-30.772,3.806,6.829,-4.824,-73.963,-6.612,-4.926,-31.326,-224.768,-36.261,-2.774,
