121.283,401.394,3.125,13.830,52.280,299.385,8.640,12.754,29.112,166.736,-2.897,6.948,-76.508,91.410,-9.641,-4.832,-100.279,55.727,-2.834,-13.622,1.037,28.618,-4.952,2.468,7.810,-1.192,-3.943,11.246,25.333,1.344,-13.938,-0.198,10.762,-43.974,-17.626,4.953,43.175,-95.010,-11.220,7.206,-0.368,-33.546,0.202,-3.492,-42.723,-23.102,-6.633,-8.455,3.840,-78.787,-8.952,-9.719,4.160,-75.629,-9.109,1.273,26.898,94.323,11.651,-1.248,2.719,94.471,9.590,-1.499,26.015,9.864,3.259,6.431,-4.812,-43.074,-10.802,1.612,-18.659,-22.027,-11.666,-11.482,2.593,-64.843,-12.644,-5.025,-3.188,-100.145,-12.577,-2.337,4.309,17.091,-2.589,-2.456,-5.616,-36.836,-9.854,-3.861,22.709,-89.248,-17.172,0.764,42.345,-61.751,-14.935,0.780,-14.965,-18.790,-11.935,3.187,-5.417,-42.143,-13.820,3.250,-7.960,-63.540,-12.245,-1.578,-12.275,-55.786,-15.205,-3.244,5.247,-66.251,-1.556,-5.217,13.595,-17.914,13.744,-12.075,-7.979,-12.816,7.525,-0.356,-67.783,-3.993,-2.182,8.717,-4.416,44.214,1.060,14.012,9.255,65.620,-1.102,14.427,-29.930,-71.592,-29.510,-19.742,41.358,-83.678,-8.204,-9.863,38.679,-63.482,10.416,-10.524,11.655,-16.805,-1.546,-8.568,6.779,-40.477,-1.385,-11.372,23.327,-33.699,1.807,-16.862,12.236,19.973,-0.274,-1.400,-6.414,-9.119,-10.152,-56.904,33.251,-53.461,-9.959,-62.759,45.121,-29.943,-26.072,-7.888,-24.607,29.934,-26.865,8.262,31.434,13.627,-1.878,-5.181,30.162,-57.216,0.331,-23.283,-40.258,-110.490,-1.698,-39.281,
401.394,3290.823,81.399,104.635,9.976,1862.792,57.735,25.598,482.369,696.051,65.450,-3.971,-49.402,145.203,-51.606,77.803,-826.836,87.194,-70.898,-59.091,-147.593,-181.590,-55.948,-44.299,-66.845,-335.270,-32.438,-42.481,102.940,1418.207,-12.321,40.111,-62.337,315.150,-81.329,-2.920,211.821,-429.321,-108.143,44.848,96.500,-319.777,-40.648,46.750,-184.429,24.460,-47.229,-28.583,-91.769,-500.328,-85.047,-68.348,-100.893,-696.524,-99.075,-48.076,120.146,520.390,-2.053,-12.596,-29.395,482.117,-29.095,-2.692,149.195,0.124,-46.291,23.663,74.039,-190.624,-46.043,29.709,-213.317,196.058,-16.774,-18.562,-74.132,-146.707,-67.226,-19.132,-41.279,-705.030,-144.154,-17.040,30.322,405.449,-57.033,-2.873,-29.731,213.388,-74.733,-4.483,133.188,-65.130,-92.344,0.034,196.577,-97.207,-56.458,35.978,-176.427,40.306,-33.520,35.262,-102.373,-173.781,-56.140,10.907,-58.797,-346.847,-52.383,-15.268,-39.073,-228.346,-115.994,-9.208,25.342,-145.427,35.172,-29.003,60.541,209.181,71.382,-74.180,-93.570,183.967,21.817,16.387,-368.969,139.393,-17.007,110.145,-71.908,246.979,-14.667,123.637,-9.593,198.429,-14.832,84.413,-60.454,-459.296,-170.144,-66.158,341.150,-180.969,28.943,3.131,102.034,-159.919,56.014,-76.989,-9.127,3.076,-41.863,-47.162,71.564,-68.205,-14.046,-12.475,47.024,107.964,8.032,-8.568,162.937,658.127,23.623,193.680,-228.923,-505.743,-58.795,-335.395,331.794,-440.825,-61.646,-169.542,241.870,-74.512,-176.750,81.510,-69.603,413.640,-175.744,3.153,388.948,201.674,-24.839,-41.081,216.526,-297.672,3.088,-166.043,-132.337,-356.062,-16.419,-160.327,
3.125,81.399,24.617,-2.094,-4.230,66.586,22.539,-5.814,21.927,23.183,16.495,-1.760,-18.079,11.164,5.332,12.801,-57.884,22.665,2.684,0.230,-11.748,-6.506,0.901,1.455,-3.836,-24.054,-0.822,-2.923,9.917,128.535,29.707,-0.371,-6.274,35.522,16.606,-5.296,9.062,-12.707,3.106,0.449,5.590,-12.082,0.992,4.633,-9.796,8.725,-0.306,-0.473,-4.325,-25.089,2.366,-2.798,-8.693,-44.539,-4.459,-0.553,6.836,35.519,8.842,0.060,-0.618,2.169,6.798,-3.685,9.987,-24.047,3.793,-1.885,4.916,-20.045,2.804,1.847,-11.419,9.131,5.065,0.074,-6.096,-9.040,3.107,-0.896,-8.712,-29.438,-5.398,1.547,2.965,43.717,4.086,2.912,-0.591,38.128,3.399,-1.598,5.317,12.001,0.663,0.077,-0.477,-10.467,-0.687,3.523,-9.146,-9.172,0.738,3.666,-10.673,-18.330,-1.405,2.117,-6.526,-8.488,-1.103,-0.062,-14.435,-31.993,-1.860,-1.815,0.049,-18.652,4.482,-2.057,7.063,-1.235,7.015,-1.947,0.794,7.869,2.598,4.903,-20.125,4.028,-1.089,8.259,-11.252,9.540,-0.718,5.787,-3.056,21.433,0.190,1.724,-17.203,-36.778,-5.293,-3.486,13.444,-20.443,3.328,-0.730,19.374,-19.002,8.246,-2.368,7.815,-9.842,2.031,-1.022,-0.627,0.736,1.255,3.357,-4.143,6.735,0.711,11.161,2.248,28.806,0.108,9.215,-34.759,-55.048,-4.315,-9.957,10.252,-47.778,-5.849,7.633,23.134,-20.731,-8.865,12.579,27.628,-5.340,-11.110,3.183,17.625,-15.232,-3.415,-1.746,6.820,-29.243,1.443,-0.798,-13.348,-22.649,-1.516,-0.515,
13.830,104.635,-2.094,20.603,-3.378,71.492,-1.594,12.751,2.986,33.614,-2.368,-3.603,2.455,-0.841,-2.399,-1.497,-19.308,-10.069,-3.498,-0.102,-8.878,-3.299,-0.019,-1.013,-1.317,-4.319,-0.232,0.269,-3.946,-21.081,-7.287,11.394,-2.112,-3.757,-8.055,10.342,3.131,-15.305,-5.825,3.434,-1.399,-10.363,-0.041,-0.182,-5.713,-10.824,-1.174,-1.831,-4.669,-20.668,-4.660,-3.186,-4.031,-29.373,-3.504,-2.657,0.959,1.556,-2.432,0.231,-0.429,12.834,-2.642,1.094,3.835,-0.361,-0.920,3.137,-1.472,-9.128,-1.262,0.464,-5.699,1.835,-3.797,-0.318,-1.412,-7.041,-2.990,-0.734,-0.433,-35.989,-5.690,-1.863,-2.060,17.381,-4.252,0.891,-1.201,0.522,-3.512,-1.469,9.267,-8.842,-0.044,-0.286,9.129,-8.951,-1.490,-0.223,-4.894,-2.577,-2.108,0.769,-2.031,-6.965,-1.130,0.738,-2.161,-17.916,-1.910,-0.674,0.973,5.781,0.022,0.114,-0.296,11.776,0.231,-0.172,3.949,11.513,-1.301,-2.417,-5.908,-5.716,0.974,-0.713,-9.257,-3.274,-1.180,1.801,0.595,-2.400,-1.681,3.626,-0.457,-6.942,-0.497,-1.837,7.603,-11.539,-0.764,0.136,0.788,1.464,-2.613,2.144,-3.698,2.000,-0.469,-1.511,-2.013,-3.927,0.677,1.352,-5.720,-9.278,0.227,-0.264,3.641,0.428,-0.041,3.282,3.102,6.501,0.771,7.386,4.959,-9.294,0.614,-2.062,0.490,3.255,1.334,-9.324,-7.413,-9.460,1.900,-3.296,-21.119,-6.088,-0.576,0.711,-0.755,-3.784,1.884,-0.016,0.456,-5.364,1.073,-2.484,9.259,5.478,0.227,6.188,
52.280,9.976,-4.230,-3.378,287.978,98.276,9.106,27.030,202.887,153.567,-23.174,81.165,-260.385,145.798,-29.002,-1.652,-157.259,86.648,5.381,-43.167,-1.889,-26.165,-6.635,9.641,-2.970,-31.544,-8.150,31.357,9.644,-103.839,-12.031,-8.904,58.667,-132.754,-19.461,12.667,121.091,-208.235,-30.172,37.443,22.993,-33.704,-17.009,-13.209,-97.630,7.013,-21.454,-19.193,-20.024,-148.878,-9.831,-5.819,12.957,-80.633,-2.383,15.848,7.170,130.831,12.102,-1.485,16.620,90.654,14.394,8.294,113.578,17.096,6.015,26.067,-19.720,-13.904,-18.063,26.376,-115.020,80.352,-4.061,-22.522,-30.413,-72.785,-10.144,-7.717,-6.081,-74.307,-1.444,1.670,7.150,123.387,4.576,-3.720,2.522,-24.391,11.302,-4.241,13.537,-137.559,-18.428,18.976,44.781,-98.233,-22.917,27.980,-34.507,26.570,-11.185,-1.659,-45.241,-61.889,-17.085,-5.456,-1.539,-89.393,-13.541,-1.213,-17.733,-62.354,-32.352,0.250,-0.254,-121.865,-25.346,-1.235,4.511,-100.267,-5.480,-6.265,41.869,-30.067,2.885,5.369,-43.237,13.417,1.050,12.707,-61.170,75.363,15.787,-16.450,12.357,148.019,26.420,-2.611,-114.130,12.139,-33.711,-11.443,-18.567,-3.281,-15.306,6.513,18.300,38.274,11.307,3.970,-31.533,25.554,-5.828,-4.019,-0.524,-11.491,6.463,-10.400,11.800,7.174,12.561,-49.906,5.028,18.837,8.476,-65.885,-73.246,51.800,2.817,-79.178,-18.202,-63.348,-3.720,-79.593,25.848,-78.569,-40.161,34.874,14.304,44.902,-80.613,52.744,92.396,91.774,-40.948,11.870,77.991,-36.831,1.211,-19.822,-21.480,-154.220,-4.813,-60.750,
299.385,1862.792,66.586,71.492,98.276,2219.004,72.869,86.737,249.901,1482.753,63.011,38.047,-236.574,493.160,-50.427,75.666,-771.794,207.017,-73.025,0.432,-72.943,13.492,-51.909,13.042,-2.743,-296.026,-37.169,19.417,-16.164,-203.676,-53.698,-6.773,-42.799,-244.550,-110.925,0.179,163.635,-575.724,-125.119,37.887,145.750,-315.845,-59.943,35.800,-57.258,-64.010,-58.836,-11.600,-28.329,-481.994,-76.011,-46.837,-67.576,-776.164,-86.840,-10.898,113.213,409.099,-4.088,-8.274,-13.944,472.082,8.412,-13.888,89.943,129.851,4.720,3.312,0.306,-94.019,5.092,16.582,-111.760,23.779,-46.774,-16.154,-8.863,-170.019,-75.765,-8.680,-109.836,-838.300,-154.059,-16.043,15.251,296.986,-79.346,-6.753,-31.688,-61.775,-97.394,-16.446,71.247,-339.028,-116.145,0.665,146.169,-288.075,-81.168,20.227,13.020,-33.173,-48.672,26.003,25.762,-234.532,-81.270,25.703,-63.406,-428.762,-98.629,-10.513,-147.616,-227.065,-38.339,-29.873,-1.577,-125.268,53.806,-36.405,38.341,161.204,37.803,-56.229,-55.055,90.488,24.698,2.098,-236.218,-44.781,-10.719,30.493,42.332,140.813,-5.360,58.065,-2.847,175.820,-10.725,21.874,67.779,-39.719,15.399,-70.457,178.622,-50.101,25.364,-41.752,61.471,-144.213,9.455,-72.349,71.231,-112.757,-14.730,-21.381,39.622,-133.907,18.375,-17.745,27.813,16.133,8.503,13.114,40.626,235.425,-5.185,107.056,250.285,133.491,-24.915,-57.705,158.357,141.028,-52.742,-232.839,118.805,75.563,-84.134,-152.115,17.944,32.164,-50.628,-42.328,169.521,-97.459,-5.545,-23.799,15.948,-283.256,-16.549,-77.854,-146.687,-179.353,-15.061,11.716,
8.640,57.735,22.539,-1.594,9.106,72.869,45.239,-6.338,10.418,48.823,29.876,-2.308,-55.292,40.995,8.652,7.377,-66.938,62.075,9.055,0.345,-0.789,39.085,6.814,6.038,-3.911,-19.301,-0.228,-3.175,11.826,108.396,30.490,-1.068,-4.094,36.519,33.598,-5.903,12.273,-19.119,17.168,0.011,-0.028,-15.077,4.101,3.462,-10.885,-8.129,1.301,-4.717,0.164,-39.509,5.733,-2.571,-15.173,-63.827,-4.447,-1.724,7.479,39.572,18.211,-0.799,2.223,2.364,21.603,-2.316,10.288,-26.159,17.792,-1.381,-7.485,-26.835,7.528,1.925,-16.974,-8.312,7.199,-2.561,-3.466,-14.866,13.852,-0.079,-13.804,-38.407,-4.170,1.947,2.550,84.560,17.088,3.731,-1.283,46.272,16.306,-1.046,-1.861,5.957,7.987,1.183,0.353,-22.194,0.243,5.143,-0.130,-32.095,-0.896,3.501,-6.086,-55.799,-3.318,1.521,-11.704,-33.869,-4.652,-1.329,-21.984,-35.677,-2.054,-1.627,-1.835,-32.607,3.214,-2.311,1.380,-12.838,7.410,-4.677,-3.749,-1.341,6.642,0.525,-25.242,-15.220,-3.425,6.950,-9.741,12.598,-0.525,6.577,-0.881,34.534,1.658,1.484,-31.277,-61.419,-3.390,-8.012,15.908,-23.529,7.964,-2.077,17.610,-1.046,12.271,-4.632,6.267,-4.909,6.574,-2.721,-13.773,-6.256,4.754,1.701,-4.038,7.900,2.169,13.295,-7.260,35.009,2.597,8.057,-20.581,-54.783,-5.536,-10.124,19.490,-55.704,-4.600,-3.435,29.103,-41.321,3.148,-0.229,17.758,-33.141,6.009,1.521,-3.219,-33.722,4.407,-1.369,2.648,-38.214,0.333,-1.798,-11.660,-34.792,-0.444,-2.839,
12.754,25.598,-5.814,12.751,27.030,86.737,-6.338,35.853,12.138,76.407,-10.873,30.395,-31.221,13.787,-11.609,0.663,-25.596,-21.387,-10.155,-2.950,-19.402,-20.984,-4.461,1.002,-1.746,-16.091,-1.732,3.937,-9.038,-117.052,-14.990,2.887,7.106,-60.049,-18.746,15.850,16.458,-44.619,-12.204,13.595,1.299,0.170,-2.015,2.973,-18.066,6.115,-2.345,1.568,-12.313,-14.950,-4.418,-3.497,-1.606,-45.763,-6.412,-1.897,-1.831,7.090,-4.265,-0.799,3.919,24.268,-2.125,2.045,12.944,21.496,-0.027,6.706,-13.027,3.677,-1.385,7.948,-12.151,1.929,-5.637,3.151,-4.719,-13.333,-9.252,-0.923,-0.961,-51.737,-9.124,-2.422,-2.097,46.531,-6.910,-1.331,-1.661,-22.336,-6.104,-2.238,6.114,-50.766,-7.837,3.831,7.564,-31.740,-9.745,5.237,13.465,7.099,-5.751,3.947,-5.492,-0.216,-2.541,1.146,-3.662,-32.549,-6.965,-0.494,0.787,13.363,-3.051,-0.389,0.521,0.583,-3.253,0.488,3.081,-4.604,-3.338,2.414,-1.996,-0.181,-0.400,3.697,9.153,-13.157,-1.601,2.911,0.375,-17.390,-1.248,-3.520,-2.642,-13.503,-1.477,-2.585,-17.275,-0.501,0.919,4.158,-6.239,-5.988,-6.629,5.436,-1.853,-3.886,-1.488,3.169,-21.529,3.593,1.985,6.786,-1.104,-17.999,-1.961,3.127,8.665,-12.366,-0.229,-3.668,0.035,-21.269,-1.593,-7.140,-15.395,-18.341,1.184,-5.458,-7.011,-21.157,-1.220,-20.646,-7.137,-24.950,-8.820,-0.042,-34.198,22.180,-19.023,13.231,1.920,36.127,8.492,6.444,20.042,18.426,9.003,3.554,18.469,29.396,3.579,19.252,
29.112,482.369,21.927,2.986,202.887,249.901,10.418,12.138,1382.498,-99.264,32.882,167.393,193.834,-178.196,-133.615,173.541,-1169.730,-136.559,-106.693,-121.490,-379.709,-524.050,-40.857,-86.611,-116.117,-513.544,-31.771,-46.628,64.794,683.553,34.909,12.271,10.191,455.519,-13.914,7.388,405.594,-223.784,-55.809,116.359,255.600,-323.471,-59.836,66.101,-494.536,491.070,-34.445,-46.212,-234.327,-277.798,-55.025,-35.958,-125.577,-732.507,-110.699,-43.544,14.808,295.590,-1.154,6.671,-14.050,393.771,-45.209,22.653,362.139,36.665,-71.315,78.888,320.542,-289.709,-86.860,105.628,-434.908,421.463,-15.792,-43.761,-242.271,-21.473,-58.340,-26.040,-16.283,-501.893,-126.279,0.285,62.133,464.287,-15.134,3.585,-3.647,398.382,-45.517,10.727,164.427,141.993,-96.229,60.345,300.502,-122.873,-48.048,108.010,-383.262,262.689,-13.521,-24.681,-325.459,111.270,-26.347,-21.644,-23.195,-168.905,-33.824,-1.314,98.566,103.844,-18.759,15.021,-7.515,45.144,-3.264,-2.775,102.360,56.105,3.764,3.659,250.370,-67.263,4.198,76.706,-242.894,123.596,-44.249,115.606,-300.143,157.828,-4.498,29.686,-77.930,6.247,24.538,-10.175,92.442,325.230,-0.628,64.297,-62.548,154.235,-9.288,56.832,7.872,-16.554,-5.787,-6.876,119.607,-254.395,-33.955,23.255,-21.315,57.851,-34.670,38.021,-113.330,259.181,-13.082,61.732,73.510,230.341,0.081,180.026,-60.076,107.313,4.691,-105.652,-54.588,-24.051,-25.324,-23.515,44.244,-100.238,-68.768,47.814,176.328,14.143,-190.652,20.829,257.696,19.808,-182.776,14.106,77.613,-161.741,-12.945,-25.668,179.308,-25.360,-11.113,122.517,
166.736,696.051,23.183,33.614,153.567,1482.753,48.823,76.407,-99.264,1971.070,2.615,75.686,-437.373,1013.298,-27.649,98.152,-365.675,364.525,-9.082,54.775,96.411,214.473,-27.114,79.353,51.728,-176.308,-31.688,82.246,-91.624,-1193.459,-74.138,-36.778,-13.901,-925.302,-96.661,-15.663,-34.947,-701.261,-109.269,-24.444,113.323,-196.774,-58.013,1.735,191.293,-207.108,-33.007,26.569,66.181,-423.601,-31.788,-10.786,11.347,-546.084,-36.304,29.821,86.770,119.622,-4.059,-9.908,1.871,351.912,30.796,8.844,-89.859,355.701,63.257,-22.019,-184.416,245.061,52.460,-20.303,29.940,-141.159,-27.491,7.654,96.332,-219.741,-41.601,11.999,-70.127,-504.550,-109.251,-20.780,-32.127,61.792,-41.602,-8.315,-44.545,-339.367,-73.190,-18.669,-36.589,-601.359,-107.478,-23.625,26.962,-421.545,-98.651,-50.623,282.345,-226.588,-80.136,12.002,218.253,-503.726,-102.247,38.765,-10.406,-492.566,-132.210,-6.968,-72.177,43.109,87.000,-24.519,-3.107,2.421,56.136,-22.333,-28.046,107.213,-15.951,-9.084,-159.741,121.856,8.157,-19.435,-173.791,-27.741,5.959,-31.516,190.478,129.934,13.175,40.009,100.421,321.158,4.486,57.169,250.075,183.272,101.158,-22.314,61.827,-85.052,-39.302,-32.356,23.408,-215.739,-38.252,-29.116,27.732,-94.816,-24.268,-17.426,40.141,-168.694,33.027,-38.797,67.263,-198.267,24.165,-84.340,66.652,15.751,12.904,-51.081,351.737,283.017,-10.203,100.543,24.313,304.177,-50.588,-192.613,33.292,137.607,-51.150,-186.929,16.676,18.918,-4.748,-31.428,-0.378,-103.045,42.167,-13.071,-60.305,-211.447,19.290,-58.457,-153.975,-195.995,-3.523,-125.190,
-2.897,65.450,16.495,-2.368,-23.174,63.011,29.876,-10.873,32.882,2.615,68.705,-5.335,0.147,2.700,36.940,16.763,-112.513,26.057,6.531,1.695,-29.931,0.963,9.442,-3.490,-3.147,-31.076,1.543,-7.752,8.454,68.085,18.108,-0.440,-10.328,50.051,27.629,-7.584,27.461,-35.678,26.371,1.642,24.527,-65.018,9.817,8.873,-40.625,7.309,9.035,-6.766,-23.256,-43.100,15.570,-4.454,-15.875,-77.654,1.362,-1.210,3.951,-6.481,12.667,1.175,0.779,12.002,24.013,-2.973,24.179,-13.716,19.314,0.050,15.662,-37.998,14.278,7.577,-44.708,24.917,20.315,-1.368,-18.794,-8.519,16.724,-2.099,-10.442,-89.976,-10.715,2.537,5.613,76.240,25.114,1.167,0.683,60.001,25.556,-0.464,10.867,19.101,13.037,1.622,25.512,-25.288,4.050,8.821,-8.250,-31.279,-0.768,4.810,-23.687,-73.556,-8.483,-1.840,-8.066,-66.738,-12.803,-1.830,-9.092,-9.961,7.244,1.045,-2.380,-7.237,17.074,-1.096,7.535,19.209,9.086,-1.873,14.004,8.220,3.163,8.860,-32.834,6.029,-3.476,16.902,-29.923,19.447,-4.582,17.070,-10.490,4.988,-2.363,10.246,-15.877,-55.071,9.625,7.977,20.900,-16.965,24.824,9.610,-1.041,-15.946,7.112,-1.860,16.590,-26.578,3.254,3.095,4.708,-1.009,2.585,4.678,-14.620,17.946,-1.232,22.979,-0.513,37.728,-1.286,44.260,-23.518,-80.787,-2.345,9.208,21.482,-53.708,-4.517,37.870,3.146,-31.074,12.214,4.267,4.374,-57.540,34.427,-6.714,0.010,-76.097,16.243,-2.046,-18.290,-56.402,-6.614,6.141,-5.949,-12.311,-2.337,34.503,
6.948,-3.971,-1.760,-3.603,81.165,38.047,-2.308,30.395,167.393,75.686,-5.335,133.623,-120.593,25.325,-29.629,83.715,-183.709,-38.179,-24.216,-9.640,-74.048,-102.640,-14.994,0.916,-19.019,-94.870,-6.042,3.480,-0.869,-86.070,-11.002,-6.421,8.584,-79.703,-28.603,6.190,64.421,-122.693,-24.142,36.174,37.837,-36.288,-12.819,28.202,-88.110,92.286,-12.790,10.658,-46.720,-23.006,-5.226,4.939,-6.068,-76.664,-7.856,2.322,-1.689,0.447,-4.936,-2.065,7.927,58.664,-11.966,10.645,39.637,60.142,-14.487,21.656,8.085,10.899,-17.132,35.086,-80.508,67.342,-9.141,7.357,-43.076,12.518,-16.876,0.715,9.444,-13.308,-11.281,6.655,7.034,80.862,-10.842,-0.846,-7.032,-9.727,-18.826,1.252,6.340,-63.371,-32.568,14.052,10.251,-45.625,-25.651,23.223,-21.782,52.176,-9.807,16.922,-24.818,29.701,-8.988,6.286,5.394,-34.165,-14.848,1.413,66.568,116.771,12.353,10.460,8.002,67.061,-4.779,8.582,-2.165,45.904,-12.365,19.334,-16.026,47.449,-11.527,27.645,-28.205,34.825,-7.336,25.695,-23.639,-3.068,0.438,5.281,4.327,-12.540,-1.038,1.080,24.333,72.219,0.049,47.567,-26.672,1.818,-25.414,41.739,-14.168,-39.789,-19.204,20.521,-48.569,1.014,-16.802,14.817,-11.441,0.808,-7.534,11.182,5.296,4.851,4.347,-1.814,30.970,14.006,0.197,-0.551,-114.011,-66.220,-4.365,-22.655,-60.861,-111.303,-16.485,-1.276,-27.719,-110.561,-43.334,65.393,-62.547,85.660,-65.569,52.167,41.989,130.071,4.479,17.893,86.623,29.379,28.701,1.369,71.711,16.771,4.320,36.338,
-76.508,-49.402,-18.079,2.455,-260.385,-236.574,-55.292,-31.221,193.834,-437.373,0.147,-120.593,1470.072,-530.959,-15.126,18.005,-90.905,-453.295,-109.336,-11.015,-557.615,-455.160,-51.515,-112.235,-107.217,-291.024,-12.854,-60.565,9.621,545.944,45.610,14.543,-29.893,484.845,38.675,0.442,-3.342,370.827,40.155,-5.690,275.878,-131.356,9.612,88.386,-111.754,336.229,27.525,32.679,-288.458,294.590,-43.019,-5.783,-53.874,-345.241,-71.520,-37.312,-41.572,-107.805,-1.969,11.763,-30.696,-1.262,-36.112,11.413,-1.281,-27.657,-59.780,10.197,356.348,-130.693,0.817,27.976,17.787,212.203,32.306,34.681,-261.027,253.708,5.820,-22.701,-1.183,-214.349,-54.653,-23.272,-20.639,-52.705,-15.297,3.482,1.246,271.460,-31.290,30.036,53.627,466.484,-11.079,6.975,207.120,234.293,47.139,30.904,-122.578,239.428,62.599,-0.979,-354.828,336.622,66.140,-22.001,-60.590,87.596,32.311,-4.416,-113.594,-97.253,-11.554,5.629,-24.995,31.954,28.850,-4.003,44.309,52.629,19.218,-13.247,249.629,-30.501,18.067,8.476,90.782,64.299,4.749,48.774,-183.531,-107.872,-20.689,27.917,-149.309,-454.640,-17.182,-28.667,-24.789,140.591,104.902,8.250,-76.199,203.866,109.388,1.692,-56.203,115.524,15.016,-22.915,109.055,-120.100,30.449,18.530,66.843,135.067,4.291,63.607,-134.311,218.370,-43.312,160.698,-21.154,-53.713,-23.143,193.195,169.489,68.230,18.760,100.325,-13.137,238.954,27.944,112.828,-33.208,155.096,78.688,-70.482,189.381,-221.394,149.455,-78.244,-33.637,-283.504,-40.203,-12.504,-183.587,35.578,-70.422,51.481,131.361,381.289,-5.787,218.205,
91.410,145.203,11.164,-0.841,145.798,493.160,40.995,13.787,-178.196,1013.298,2.700,25.325,-530.959,1066.953,3.231,-3.496,-74.593,600.062,53.737,10.811,232.341,399.944,20.814,94.189,99.651,140.154,-4.966,78.253,-63.408,-862.484,-36.981,-32.397,14.786,-686.652,-29.829,-14.562,-40.163,-467.951,-32.924,-40.721,-35.253,-6.474,-13.972,-58.111,186.381,-190.991,-17.381,-7.401,152.599,-257.143,-1.046,-0.192,49.712,-50.173,15.357,33.413,51.664,-72.335,21.580,-14.651,25.638,25.453,50.048,0.692,-48.806,103.653,64.061,-18.296,-201.260,214.723,30.367,-21.140,15.150,-62.270,-0.683,-18.644,145.300,-224.684,-12.358,16.763,-4.106,-78.621,-16.864,-2.267,-17.324,-13.690,34.184,-18.607,-11.625,-258.031,10.836,-20.388,-20.081,-435.142,-35.389,-16.398,-28.704,-292.545,-41.345,-51.092,108.171,-189.736,-62.575,-8.077,210.528,-391.571,-75.206,27.169,59.709,-225.030,-71.108,4.998,62.210,104.498,89.632,-11.783,1.856,-0.679,21.473,-9.094,-3.314,-1.171,-11.302,-2.522,-123.843,86.995,-4.160,-15.293,-215.232,75.078,10.817,-21.487,108.050,176.364,27.495,15.823,171.999,454.784,16.652,70.555,261.080,18.493,16.176,-11.825,6.701,-185.137,-66.549,-39.249,49.042,-248.628,-34.665,-17.403,49.903,-54.577,-22.884,-39.122,31.571,-83.462,20.329,-43.161,80.372,-264.773,37.817,-126.245,54.024,-146.604,21.167,-173.724,223.572,163.469,-15.287,48.234,3.629,161.610,-21.150,-111.583,53.147,71.729,-24.528,-137.437,78.103,18.902,-47.898,-15.752,-49.400,-8.090,-14.121,-11.323,-20.784,-131.617,28.365,-65.775,-119.320,-390.216,4.152,-247.932,
-9.641,-51.606,5.332,-2.399,-29.002,-50.427,8.652,-11.609,-133.615,-27.649,36.940,-29.629,-15.126,3.231,98.126,-25.752,57.968,47.980,50.524,3.014,11.513,63.069,17.093,1.191,10.294,17.909,4.235,-3.167,-3.347,-50.599,9.261,-0.787,-3.937,-13.986,27.128,-3.384,-13.074,-5.764,29.862,-8.485,0.839,-15.134,25.174,0.476,-0.784,-13.777,21.192,-2.416,-11.822,12.892,21.042,-4.932,1.297,26.259,12.456,-2.041,-3.732,-79.055,8.792,-1.625,1.044,-42.397,25.591,-3.231,-1.782,-28.216,25.862,-4.811,-9.282,6.033,22.267,0.962,-6.671,14.619,21.633,0.960,-4.449,-0.880,11.850,-4.814,-13.687,-16.867,3.439,-2.309,-6.972,-68.850,23.196,-5.449,1.713,-50.373,30.944,-4.937,8.693,-41.937,21.841,-0.504,-3.755,-23.674,10.532,-3.404,21.247,-20.961,1.309,4.189,-3.492,-55.699,-9.428,-0.208,-7.565,-17.350,-9.042,-0.217,-17.011,-10.580,19.715,-0.759,-0.096,0.685,19.358,0.608,12.200,-0.292,3.411,7.064,-11.537,-17.553,-1.697,4.212,-17.071,15.885,4.985,-2.599,-9.761,29.965,0.864,9.177,1.855,28.133,2.015,14.329,-6.704,-49.722,28.235,0.482,3.787,-24.718,25.002,-0.169,4.151,-30.867,4.049,7.904,19.373,-12.876,8.607,7.387,-0.174,1.990,9.656,-4.548,-14.121,-19.458,1.585,9.454,-9.981,-2.999,7.132,12.179,3.713,-30.193,2.396,56.773,-11.274,-6.916,0.855,47.776,-2.650,10.181,26.714,-20.827,0.989,-93.447,70.053,-14.029,-44.517,-98.754,25.521,-1.945,-41.333,-29.402,-10.895,7.916,-34.560,-13.864,-0.086,3.845,
-4.832,77.803,12.801,-1.497,-1.652,75.666,7.377,0.663,173.541,98.152,16.763,83.715,18.005,-3.496,-25.752,163.554,-252.148,-76.148,-37.890,39.215,-126.154,-143.235,-22.252,-12.637,-32.352,-132.807,-9.329,-4.969,3.968,-19.034,-0.356,4.563,-10.607,-47.415,-24.589,-2.205,23.443,-105.718,-27.131,20.081,64.639,-107.064,-18.612,46.420,-52.511,79.483,-12.305,25.380,-63.473,-17.466,-13.463,0.083,-23.318,-117.988,-19.706,2.465,-1.539,-35.414,-7.610,2.773,-0.261,63.112,-20.920,7.721,5.535,76.719,-15.575,9.156,16.327,-4.006,-5.650,25.894,-61.365,53.574,1.150,18.581,-55.200,77.951,-7.308,0.776,7.960,1.973,-23.375,5.738,12.681,72.631,-14.490,8.166,-5.740,57.240,-28.405,3.771,-0.110,11.349,-29.604,5.996,-11.528,-27.916,-15.708,18.302,-26.790,16.772,2.657,20.414,-30.232,20.619,-2.575,10.574,-1.931,-25.600,-16.621,1.122,59.020,117.287,26.095,8.482,1.873,103.193,9.418,9.377,-1.258,97.613,-5.139,18.048,-22.504,77.296,-4.988,26.088,-43.351,37.591,-4.042,32.119,-7.031,-19.638,-3.515,23.267,-8.755,-72.253,-4.447,-5.311,100.377,110.755,15.922,54.206,-16.393,15.970,-9.231,34.037,-22.245,-50.947,-12.197,6.370,-32.134,-22.820,-5.262,12.165,-17.663,-0.525,2.261,17.715,-0.956,16.473,1.519,23.517,31.190,49.061,-1.124,35.402,-27.318,-38.465,-6.406,15.994,-41.027,-10.984,-8.538,18.295,-33.297,-51.738,-6.782,12.347,-72.959,15.648,-7.324,6.612,-14.997,17.430,24.273,4.409,38.964,-17.957,24.353,7.459,67.827,41.618,-0.026,65.980,
-100.279,-826.836,-57.884,-19.308,-157.259,-771.794,-66.938,-25.596,-1169.730,-365.675,-112.513,-183.709,-90.905,-74.593,57.968,-252.148,1749.698,-155.868,115.901,58.207,467.765,126.257,27.519,17.604,10.680,455.068,33.890,1.975,-60.657,-496.261,-30.117,-19.141,29.195,-352.535,14.050,6.583,-388.420,355.224,48.620,-104.631,-258.639,423.403,59.656,-91.148,589.655,-468.678,58.455,55.109,235.723,283.827,39.463,40.706,46.651,862.744,106.378,13.696,-18.594,-217.330,-13.401,-5.840,14.983,-399.140,27.054,-5.860,-324.658,8.359,38.659,-67.906,-288.388,343.322,60.745,-119.933,517.587,-368.268,34.005,34.691,197.289,14.210,48.119,23.485,6.946,651.066,142.297,-9.671,-80.547,-686.725,-11.077,-12.738,11.884,-490.851,42.678,-11.610,-145.273,-148.960,95.343,-55.252,-221.472,190.521,51.886,-116.474,408.313,-160.472,19.599,2.442,248.976,-35.497,43.353,9.082,-29.358,175.439,59.721,-2.761,-122.220,-71.737,20.127,-9.810,7.766,15.901,-24.463,14.157,-85.897,-107.568,-22.672,19.707,-171.024,-26.385,-9.901,-75.983,352.301,-110.607,37.381,-127.480,256.403,-172.840,9.898,-51.423,17.877,-91.464,-3.437,-9.677,-60.599,-155.344,37.123,-71.073,-10.423,48.452,-2.496,-46.148,-39.738,189.047,-20.603,44.313,-120.444,243.343,20.640,-2.865,-17.909,30.975,27.067,-31.432,82.761,-172.840,5.798,-49.729,-58.840,-316.000,-0.709,-176.924,158.784,162.170,11.240,126.078,-1.923,245.717,38.172,33.310,-83.825,230.021,80.193,-50.386,-86.847,-38.087,174.646,-29.967,-222.708,-45.685,137.772,-12.981,-163.603,201.479,-15.097,29.258,-105.672,75.148,6.371,-134.992,
55.727,87.194,22.665,-10.069,86.648,207.017,62.075,-21.387,-136.559,364.525,26.057,-38.179,-453.295,600.062,47.980,-76.148,-155.868,1067.252,113.443,-47.201,183.857,892.212,86.504,85.746,138.349,213.946,20.736,51.754,-15.414,-324.587,8.978,-25.958,12.834,-332.374,33.342,-19.682,13.389,-255.389,-8.097,-35.850,39.729,10.092,2.155,-61.496,61.233,78.460,-12.599,-49.002,59.128,56.539,36.637,-7.469,90.884,50.219,33.916,20.492,13.337,-54.527,48.605,-22.850,16.191,-67.622,71.012,-12.927,19.448,-50.734,66.550,-16.416,-83.374,107.168,-6.661,-0.005,-46.584,69.355,5.815,-14.354,52.072,80.311,48.907,-0.091,44.135,117.024,54.013,14.620,-3.649,29.071,54.851,-17.772,6.401,-81.629,54.487,-19.999,-25.251,-215.719,13.644,-2.273,-38.135,-173.614,-23.095,-2.680,50.139,-105.537,-28.781,-1.149,103.852,-204.132,-31.685,5.497,43.466,-64.280,-11.472,1.861,59.468,10.734,20.390,-14.506,1.498,-36.103,10.902,-9.486,-12.537,-30.846,-6.461,-7.215,-39.746,33.016,-9.081,-8.737,-111.687,38.081,1.303,-6.803,49.635,79.811,17.219,2.454,107.696,277.773,11.265,35.524,138.887,-77.481,-17.706,-6.087,1.533,-160.641,-42.786,-43.042,12.110,-152.220,-15.964,-19.014,34.154,16.467,-8.057,-37.585,1.529,-36.699,19.796,-32.751,5.624,-167.319,26.303,-47.908,-62.880,-111.601,8.673,-78.692,90.131,54.341,-13.643,71.179,26.798,29.843,-15.777,-18.374,22.374,71.303,-1.579,-111.805,92.240,-33.788,14.702,-31.417,-119.537,-19.400,-10.319,-17.464,-53.131,-51.847,14.301,-36.770,-138.780,-255.033,11.940,-113.051,
-2.834,-70.898,2.684,-3.498,5.381,-73.025,9.055,-10.155,-106.693,-9.082,6.531,-24.216,-109.336,53.737,50.524,-37.890,115.901,113.443,91.027,-16.224,77.813,98.236,36.651,-0.547,9.092,33.500,3.305,-0.839,-0.936,-78.757,6.043,-5.385,4.676,-58.729,29.385,-4.525,-22.764,-35.500,25.729,-11.702,-2.328,17.369,24.526,-10.231,45.057,-36.432,29.562,-5.530,12.358,-23.618,32.360,-11.835,2.855,51.345,19.108,-4.295,2.510,-44.475,9.969,-4.100,2.122,-31.946,30.871,-1.401,-13.275,-14.905,33.333,-5.458,-25.216,27.140,13.927,-4.064,36.660,-9.254,18.768,-4.197,8.683,-23.044,11.401,-7.561,-11.192,17.780,23.367,-3.893,-13.041,-86.040,15.822,-5.837,-1.101,-103.294,27.878,-6.866,-3.344,-102.913,19.381,-3.936,-1.687,-40.577,4.216,-6.869,54.384,-46.061,-3.881,6.929,16.304,-82.649,-10.996,0.086,-11.372,-26.737,-0.052,-1.082,-2.386,7.047,11.810,-1.458,0.674,14.361,8.127,1.649,3.151,-1.627,4.629,6.137,-27.738,-9.908,1.804,-0.631,-4.342,21.577,6.827,-7.264,2.327,57.175,9.071,6.001,20.765,92.190,7.473,18.965,7.437,-32.421,8.895,-7.065,-0.157,-30.823,3.005,-6.596,7.800,-28.529,2.816,5.458,18.971,2.700,9.930,-1.364,7.866,6.169,11.846,-12.852,0.404,-47.993,4.094,-13.355,-16.083,-19.776,11.651,-30.155,4.807,28.819,0.580,35.834,-3.734,7.392,0.267,11.913,10.695,15.283,20.154,-25.402,19.795,-68.466,45.201,-10.331,-36.112,-67.193,10.577,-4.722,-33.712,-32.115,-10.258,-9.710,-66.190,-97.700,3.557,-56.075,
-13.622,-59.091,0.230,-0.102,-43.167,0.432,0.345,-2.950,-121.490,54.775,1.695,-9.640,-11.015,10.811,3.014,39.215,58.207,-47.201,-16.224,90.892,-15.439,15.321,-7.895,25.940,-11.080,41.520,-3.883,2.939,-8.396,-120.981,-7.323,2.375,-1.662,-80.359,-4.316,-2.263,-47.793,7.691,-5.397,-10.781,-26.397,-12.159,-8.759,1.850,56.828,-93.482,-3.031,24.551,24.388,24.854,-3.762,16.433,-9.799,61.955,-2.059,4.728,-1.373,-28.398,-10.567,8.844,2.561,-47.558,-9.076,4.077,-45.982,14.454,-0.352,-9.730,-50.513,18.909,9.162,-15.479,43.288,-88.617,-9.024,10.659,38.962,32.155,3.916,8.727,-3.629,91.663,3.043,2.144,-2.110,-32.184,-3.545,8.483,2.538,-29.143,-2.330,7.172,-18.293,23.789,7.634,-3.773,-56.725,16.866,2.665,-11.530,33.535,-35.042,3.100,5.856,48.194,-2.660,8.150,7.176,2.677,33.466,2.592,1.367,-6.744,7.468,14.229,-3.186,0.841,27.913,14.738,0.224,-10.062,38.230,5.912,6.553,-35.910,23.400,1.622,-4.154,13.424,-15.819,-1.035,-7.829,45.826,-30.429,-1.762,-0.636,-0.842,-34.244,-2.523,-9.942,25.166,-15.150,8.141,1.912,18.771,-14.660,10.954,-6.486,3.636,-11.007,7.568,0.175,-28.563,-0.986,5.249,2.349,-28.690,-11.831,-1.269,3.586,19.736,-23.446,-0.496,4.888,0.336,-7.541,0.734,-10.046,41.311,-33.189,-2.719,23.954,8.198,23.159,8.366,20.086,-7.872,5.975,28.400,-21.231,-52.295,-20.634,19.882,-17.017,-61.863,-15.625,27.782,-2.347,11.015,17.279,14.395,19.243,16.588,55.748,0.145,23.110,
1.037,-147.593,-11.748,-8.878,-1.889,-72.943,-0.789,-19.402,-379.709,96.411,-29.931,-74.048,-557.615,232.341,11.513,-126.154,467.765,183.857,77.813,-15.439,601.311,202.293,29.830,39.815,89.443,216.344,7.628,12.704,-23.967,-269.839,-34.352,-10.646,8.750,-208.274,-20.417,-10.433,-132.352,30.574,-9.306,-44.320,-216.454,208.631,8.398,-78.824,218.802,-316.952,-13.052,-24.746,320.530,-120.767,19.270,5.663,59.681,376.628,59.211,17.624,10.057,-69.126,-4.169,-13.948,8.163,-105.426,9.178,-16.478,-105.289,10.081,30.952,-36.011,-242.985,167.409,16.330,-64.243,126.993,-231.846,-6.583,-21.300,253.513,-182.837,2.389,17.194,30.593,260.702,57.028,1.485,-7.550,-224.737,-1.526,-15.924,8.894,-170.593,22.104,-17.287,-66.698,-162.346,31.633,-24.137,-161.031,-15.711,3.806,-64.574,109.419,-198.020,-31.293,-27.724,312.424,-182.128,-22.476,9.017,65.906,63.287,8.713,0.724,7.289,-26.802,1.280,-11.189,10.559,-35.224,-26.626,-1.231,-42.150,-81.817,-12.270,-2.552,-156.691,-23.467,-3.130,-41.646,5.837,-79.661,13.689,-81.724,214.498,16.537,19.602,-32.711,122.698,272.543,11.735,4.628,-18.993,-108.328,-45.456,-42.257,47.428,-78.469,-54.922,-39.674,15.778,-8.491,-5.857,-8.604,-46.044,118.819,-11.572,-29.309,-15.370,-49.748,3.698,-44.517,114.794,-191.341,27.133,-103.139,-16.717,-68.826,18.502,-144.715,-13.381,60.167,-2.472,-29.772,69.024,10.587,1.698,-41.946,38.835,117.907,-28.533,-5.146,-63.187,200.409,-52.081,-14.122,-30.891,153.431,25.515,-9.048,43.087,28.909,16.911,-32.856,-127.565,-200.946,6.052,-173.189,
28.618,-181.590,-6.506,-3.299,-26.165,13.492,39.085,-20.984,-524.050,214.473,0.963,-102.640,-455.160,399.944,63.069,-143.235,126.257,892.212,98.236,15.321,202.293,1953.085,168.233,137.135,302.219,1166.838,88.746,117.099,-5.242,-133.859,40.190,-10.597,-25.528,-92.381,87.601,-36.124,-189.173,49.007,30.067,-101.053,-153.582,95.651,-8.551,-104.163,297.526,-67.019,-2.086,-51.011,136.120,580.498,88.930,11.220,176.693,662.848,119.452,31.323,-8.852,-100.575,42.878,-17.415,-9.180,-211.250,69.428,-32.339,-148.906,-167.591,77.016,-58.719,-165.532,132.622,26.433,-61.197,199.627,-223.078,-31.108,2.861,171.477,209.168,92.574,16.762,33.485,556.417,139.313,4.594,12.187,45.612,73.126,-0.986,7.695,90.988,111.527,-11.379,-110.884,83.770,117.654,-31.388,-203.976,59.659,38.318,-37.119,210.396,-100.816,10.786,-14.173,241.546,27.577,23.723,-7.653,53.331,167.757,24.350,-1.957,27.426,-59.234,-17.890,-24.185,3.992,-167.634,-2.471,-19.121,-63.515,-168.660,0.104,-23.638,-69.915,20.371,-1.255,-55.757,120.760,-94.765,0.679,-89.335,172.197,-6.478,-6.093,-48.814,107.060,215.905,-13.345,0.014,-8.607,-88.844,-78.308,-33.043,59.159,-100.339,-28.398,-66.399,-12.802,-17.736,18.383,-6.103,-16.701,205.532,8.100,-41.891,18.371,-31.308,12.672,-51.412,53.608,-112.901,27.324,-112.074,-97.566,35.729,4.140,-142.450,53.955,-136.296,-11.919,21.638,100.667,-42.055,13.723,52.653,-58.849,23.989,61.815,-46.421,24.429,3.864,62.942,-0.518,-81.030,48.980,18.889,-8.980,-1.803,-33.496,13.976,-31.237,-300.174,-456.024,-1.291,-245.848,
-4.952,-55.948,0.901,-0.019,-6.635,-51.909,6.814,-4.461,-40.857,-27.114,9.442,-14.994,-51.515,20.814,17.093,-22.252,27.519,86.504,36.651,-7.895,29.830,168.233,52.990,5.349,24.386,103.369,15.847,5.358,3.186,-1.104,9.010,-1.732,-1.827,7.830,29.181,-4.038,-13.507,8.163,21.036,-11.621,-11.608,0.429,9.614,-12.259,31.824,-22.364,18.966,-8.626,9.558,4.717,33.024,-6.567,4.843,61.525,21.894,-2.884,0.105,4.941,7.381,-2.671,-3.123,-24.881,19.240,-6.810,-6.296,-29.708,23.390,-5.782,-6.765,-1.206,11.302,-6.136,19.953,-14.880,7.265,-3.554,12.057,15.413,18.619,-2.885,0.810,36.837,24.869,-2.384,-1.227,46.028,24.258,-0.618,-0.444,6.912,30.813,-4.936,-5.366,-4.471,29.116,-5.260,3.317,-8.203,10.344,-5.115,28.118,-31.813,0.788,-5.040,13.177,-38.399,-2.166,-4.275,-2.256,-15.549,2.864,-1.110,6.329,20.904,8.137,-1.284,0.902,1.706,5.843,-0.240,1.413,-12.435,6.857,1.495,6.597,-14.779,5.256,-1.533,13.573,-6.458,-0.008,-7.839,-0.550,19.654,0.799,-5.013,10.622,37.294,1.434,2.569,-17.339,-46.803,-9.534,3.411,8.117,-25.510,5.708,2.900,4.899,-12.466,5.118,7.377,15.131,-4.409,3.070,5.478,12.259,-1.114,3.194,-5.912,-1.004,-20.093,0.453,-5.342,-23.557,-23.488,3.930,-10.596,-45.861,-67.881,-2.726,3.784,10.427,-67.937,-1.129,46.813,5.826,-34.006,13.494,15.843,19.087,-45.417,27.031,-0.522,-13.416,-37.940,10.601,-1.257,-22.194,-19.638,-6.216,5.107,-35.084,-54.029,1.526,-11.629,
2.468,-44.299,1.455,-1.013,9.641,13.042,6.038,1.002,-86.611,79.353,-3.490,0.916,-112.235,94.189,1.191,-12.637,17.604,85.746,-0.547,25.940,39.815,137.135,5.349,61.157,19.325,87.799,0.816,31.946,-9.083,-102.509,-4.373,-3.880,2.053,-83.317,-1.197,-2.805,-27.865,-24.634,-4.997,-7.217,-45.741,23.784,-4.129,-13.405,31.607,-41.880,-4.347,7.136,43.720,23.303,4.900,25.812,37.195,78.118,13.821,19.859,-6.249,-58.858,-5.155,-0.601,5.176,-64.089,-3.330,-0.925,-26.706,-20.285,5.036,-5.966,-55.285,31.927,8.808,-8.786,11.438,-43.305,-8.775,-1.922,55.302,-28.190,4.074,7.812,7.157,31.692,13.513,2.213,-4.799,-17.222,11.804,2.061,0.192,-32.306,10.096,1.276,-17.395,-18.908,9.779,-2.119,-50.526,-5.860,-0.535,-5.458,20.755,-18.291,-5.537,-0.334,69.662,-30.048,-2.677,0.850,19.823,-18.955,0.739,-0.532,-6.555,-1.920,5.385,-2.626,-5.394,-25.714,-1.560,-3.210,-14.171,-27.516,-3.221,-4.691,-29.846,-1.043,-2.191,-5.499,-0.171,-11.412,0.443,-4.749,37.972,-18.876,0.901,-6.019,17.615,11.011,-1.578,1.780,-15.377,-49.191,-6.722,-10.118,5.414,-29.622,-1.184,-11.769,0.806,5.789,5.539,-3.237,-22.974,29.132,-0.528,-5.780,-24.204,-17.969,1.244,-3.799,13.469,-46.985,5.360,-10.982,0.312,-14.643,0.229,-22.200,6.208,-11.152,3.643,-2.848,5.892,-2.130,3.981,-2.127,0.248,14.420,1.151,3.032,-21.613,32.203,-6.027,4.316,-29.411,42.117,8.700,0.965,14.628,27.560,15.406,4.307,-15.060,-3.555,-0.211,-3.934,
7.810,-66.845,-3.836,-1.317,-2.970,-2.743,-3.911,-1.746,-116.117,51.728,-3.147,-19.019,-107.217,99.651,10.294,-32.352,10.680,138.349,9.092,-11.080,89.443,302.219,24.386,19.325,132.421,226.176,17.339,29.436,-5.061,-103.969,-2.260,0.717,-4.931,-63.981,-4.606,-3.409,-43.844,-7.734,-1.400,-18.251,-38.525,18.745,-3.690,-23.159,42.994,-77.662,-10.775,-13.314,61.462,43.467,15.858,3.007,88.217,163.833,47.637,14.335,-0.104,-66.471,3.160,-2.445,-2.395,-56.549,7.624,-8.637,-34.676,-38.451,14.055,-12.743,-35.542,29.602,11.294,-18.899,28.015,-66.907,-11.593,-3.885,68.588,-48.551,10.198,7.363,13.702,81.992,43.609,1.768,14.730,-35.197,7.318,-3.872,6.535,12.142,9.652,-4.354,-21.136,10.490,16.970,-8.478,-57.147,8.844,6.259,-13.894,10.588,-34.891,-7.845,-5.475,96.227,-5.048,-4.330,2.206,42.887,42.451,3.523,2.110,33.735,-56.777,-16.441,-4.380,4.569,-79.557,-14.101,-4.534,-10.485,-75.276,-4.945,-10.268,-25.142,-9.030,-0.323,-14.935,-1.040,-8.950,9.439,-25.696,63.982,3.928,5.388,-13.259,50.308,72.130,-2.319,-4.424,-18.632,-32.700,-13.463,-7.101,3.878,-11.560,-12.167,-14.123,-0.796,4.193,-1.449,-9.245,6.802,57.751,5.374,-15.591,22.025,-13.843,7.014,-13.713,22.909,-63.633,9.328,-44.317,-12.709,-49.269,-5.504,-68.273,14.601,20.820,14.415,4.002,26.729,50.091,6.306,-15.570,-11.464,50.101,-3.452,-17.499,3.586,26.980,2.748,-5.094,-18.107,20.062,9.990,-3.773,1.710,0.256,4.069,-7.474,-51.627,-115.255,-5.119,-69.280,
-1.192,-335.270,-24.054,-4.319,-31.544,-296.026,-19.301,-16.091,-513.544,-176.308,-31.076,-94.870,-291.024,140.154,17.909,-132.807,455.068,213.946,33.500,41.520,216.344,1166.838,103.369,87.799,226.176,1655.029,105.704,124.494,-19.483,107.982,45.959,12.691,-26.282,95.936,71.587,-17.901,-201.521,234.961,57.248,-93.894,-225.933,181.278,23.228,-105.402,285.935,-248.312,-20.961,-27.133,201.741,566.937,57.008,21.866,189.823,1231.896,156.179,58.452,-18.639,-111.848,18.479,-2.428,-17.846,-284.201,42.201,-32.088,-154.341,-207.745,58.086,-51.640,-158.049,126.541,40.664,-80.804,269.728,-253.076,-23.816,-10.953,216.231,28.727,55.631,33.232,39.871,622.183,157.564,9.862,-1.746,-61.269,71.975,-6.151,9.412,76.113,126.255,-6.253,-66.804,195.675,150.181,-35.129,-164.479,225.918,89.467,-64.781,118.966,-22.760,24.186,-24.053,235.930,161.417,51.731,-6.022,56.491,300.350,80.132,7.274,-22.429,-98.982,-27.557,-13.430,-4.069,-187.752,-29.848,-4.754,-28.447,-265.590,-7.865,-22.334,-3.343,-104.952,-15.451,-61.636,225.658,-75.968,7.938,-110.425,194.507,-80.693,4.096,-93.904,77.063,14.986,-10.859,-33.357,-150.295,-143.841,-67.581,-40.127,14.070,46.099,-34.129,-39.495,-23.670,99.124,1.499,21.175,11.936,163.147,3.276,-19.599,49.893,-5.343,-5.514,-37.147,113.199,-146.363,5.893,-138.710,-72.423,-230.763,-3.284,-223.177,3.656,-30.211,28.428,-32.450,31.146,72.961,36.791,62.393,-58.955,102.207,44.309,49.093,54.129,15.200,43.892,40.027,-13.249,77.483,-15.017,12.249,-26.399,147.259,-0.190,44.703,-126.039,-235.783,-16.441,-190.293,
-3.943,-32.438,-0.822,-0.232,-8.150,-37.169,-0.228,-1.732,-31.771,-31.688,1.543,-6.042,-12.854,-4.966,4.235,-9.329,33.890,20.736,3.305,-3.883,7.628,88.746,15.847,0.816,17.339,105.704,16.194,3.481,1.210,30.312,8.385,-0.385,-3.305,18.514,11.520,-1.753,-13.382,20.381,9.262,-7.417,-9.878,16.428,6.606,-6.688,23.365,-9.034,1.517,-2.501,2.414,28.719,8.677,-0.927,6.888,76.106,16.364,2.804,-0.599,3.544,3.783,-0.844,-2.483,-22.080,6.448,-3.566,-10.184,-17.132,8.081,-4.048,-2.824,9.759,6.534,-4.003,23.026,-10.901,2.238,1.712,5.350,9.218,7.174,0.632,3.968,43.626,13.147,1.691,1.800,26.621,11.877,0.086,0.184,13.567,16.139,-2.196,-5.811,15.807,17.792,-3.590,-7.352,16.511,9.865,-3.446,17.898,-0.200,3.532,-0.560,6.536,7.507,3.360,-1.951,1.230,12.703,3.448,0.121,6.900,13.495,1.252,-0.610,1.943,-6.013,-0.242,0.417,-2.131,-13.604,1.171,0.728,2.240,-4.091,-0.419,-1.131,27.303,-7.986,0.775,-7.306,6.742,-7.374,-0.236,-7.134,2.969,3.312,-0.942,-2.354,-11.449,-31.841,-6.834,0.216,6.830,-8.173,1.619,2.523,-0.573,-0.224,1.393,7.696,6.373,9.341,-0.398,4.829,17.610,1.567,0.793,-0.488,2.101,-3.867,-0.670,-6.016,-11.210,-20.597,-2.109,-10.660,-24.025,-46.883,-0.386,-2.674,7.929,-38.937,0.200,20.904,-3.003,-18.988,0.981,15.210,8.380,-9.874,9.547,5.471,7.809,-8.666,4.763,1.337,-13.085,7.569,-3.878,6.663,-6.044,-4.065,-1.855,-5.005,
